2019/03/18-23:54:01.107816 7f72b4ee3700 RocksDB version: 5.14.3
2019/03/18-23:54:01.107862 7f72b4ee3700 Git sha rocksdb_build_git_sha:
2019/03/18-23:54:01.107865 7f72b4ee3700 Compile date Oct  9 2018
2019/03/18-23:54:01.107873 7f72b4ee3700 DB SUMMARY
2019/03/18-23:54:01.108381 7f72b4ee3700 CURRENT file:  CURRENT
2019/03/18-23:54:01.108385 7f72b4ee3700 IDENTITY file:  IDENTITY
2019/03/18-23:54:01.108399 7f72b4ee3700 MANIFEST file:  MANIFEST-000004 size: 129883 Bytes
2019/03/18-23:54:01.108403 7f72b4ee3700 SST files in /mnt/sde/ycsb-rocksdb-data dir, Total Num: 733, files: 000021.sst 000022.sst 000023.sst 000024.sst 000028.sst 000029.sst 000030.sst 000031.sst 000035.sst 
2019/03/18-23:54:01.108408 7f72b4ee3700 Write Ahead Log file in /mnt/sde/ycsb-rocksdb-data: 001333.log size: 48727531 ; 
2019/03/18-23:54:01.108436 7f72b4ee3700                         Options.error_if_exists: 0
2019/03/18-23:54:01.108438 7f72b4ee3700                       Options.create_if_missing: 1
2019/03/18-23:54:01.108439 7f72b4ee3700                         Options.paranoid_checks: 1
2019/03/18-23:54:01.108440 7f72b4ee3700                                     Options.env: 0x7f72acffa080
2019/03/18-23:54:01.108441 7f72b4ee3700                                Options.info_log: 0x7f71c43e3980
2019/03/18-23:54:01.108442 7f72b4ee3700                Options.max_file_opening_threads: 16
2019/03/18-23:54:01.108443 7f72b4ee3700                              Options.statistics: (nil)
2019/03/18-23:54:01.108444 7f72b4ee3700                               Options.use_fsync: 0
2019/03/18-23:54:01.108445 7f72b4ee3700                       Options.max_log_file_size: 0
2019/03/18-23:54:01.108446 7f72b4ee3700                  Options.max_manifest_file_size: 18446744073709551615
2019/03/18-23:54:01.108447 7f72b4ee3700                   Options.log_file_time_to_roll: 0
2019/03/18-23:54:01.108448 7f72b4ee3700                       Options.keep_log_file_num: 1000
2019/03/18-23:54:01.108449 7f72b4ee3700                    Options.recycle_log_file_num: 0
2019/03/18-23:54:01.108450 7f72b4ee3700                         Options.allow_fallocate: 1
2019/03/18-23:54:01.108451 7f72b4ee3700                        Options.allow_mmap_reads: 0
2019/03/18-23:54:01.108452 7f72b4ee3700                       Options.allow_mmap_writes: 0
2019/03/18-23:54:01.108453 7f72b4ee3700                        Options.use_direct_reads: 0
2019/03/18-23:54:01.108454 7f72b4ee3700                        Options.use_direct_io_for_flush_and_compaction: 0
2019/03/18-23:54:01.108455 7f72b4ee3700          Options.create_missing_column_families: 1
2019/03/18-23:54:01.108456 7f72b4ee3700                              Options.db_log_dir: 
2019/03/18-23:54:01.108457 7f72b4ee3700                                 Options.wal_dir: /mnt/sde/ycsb-rocksdb-data
2019/03/18-23:54:01.108458 7f72b4ee3700                Options.table_cache_numshardbits: 6
2019/03/18-23:54:01.108459 7f72b4ee3700                      Options.max_subcompactions: 4
2019/03/18-23:54:01.108460 7f72b4ee3700                  Options.max_background_flushes: 24
2019/03/18-23:54:01.108461 7f72b4ee3700                         Options.WAL_ttl_seconds: 0
2019/03/18-23:54:01.108462 7f72b4ee3700                       Options.WAL_size_limit_MB: 0
2019/03/18-23:54:01.108463 7f72b4ee3700             Options.manifest_preallocation_size: 4194304
2019/03/18-23:54:01.108464 7f72b4ee3700                     Options.is_fd_close_on_exec: 1
2019/03/18-23:54:01.108465 7f72b4ee3700                   Options.advise_random_on_open: 1
2019/03/18-23:54:01.108465 7f72b4ee3700                    Options.db_write_buffer_size: 0
2019/03/18-23:54:01.108466 7f72b4ee3700                    Options.write_buffer_manager: 0x7f71c43e3c10
2019/03/18-23:54:01.108467 7f72b4ee3700         Options.access_hint_on_compaction_start: 1
2019/03/18-23:54:01.108468 7f72b4ee3700  Options.new_table_reader_for_compaction_inputs: 0
2019/03/18-23:54:01.108469 7f72b4ee3700           Options.random_access_max_buffer_size: 1048576
2019/03/18-23:54:01.108470 7f72b4ee3700                      Options.use_adaptive_mutex: 0
2019/03/18-23:54:01.108471 7f72b4ee3700                            Options.rate_limiter: (nil)
2019/03/18-23:54:01.108486 7f72b4ee3700     Options.sst_file_manager.rate_bytes_per_sec: 0
2019/03/18-23:54:01.108488 7f72b4ee3700                       Options.wal_recovery_mode: 2
2019/03/18-23:54:01.108489 7f72b4ee3700                  Options.enable_thread_tracking: 0
2019/03/18-23:54:01.108490 7f72b4ee3700                  Options.enable_pipelined_write: 1
2019/03/18-23:54:01.108491 7f72b4ee3700         Options.allow_concurrent_memtable_write: 1
2019/03/18-23:54:01.108492 7f72b4ee3700      Options.enable_write_thread_adaptive_yield: 1
2019/03/18-23:54:01.108493 7f72b4ee3700             Options.write_thread_max_yield_usec: 100
2019/03/18-23:54:01.108494 7f72b4ee3700            Options.write_thread_slow_yield_usec: 3
2019/03/18-23:54:01.108495 7f72b4ee3700                               Options.row_cache: None
2019/03/18-23:54:01.108496 7f72b4ee3700                              Options.wal_filter: None
2019/03/18-23:54:01.108497 7f72b4ee3700             Options.avoid_flush_during_recovery: 0
2019/03/18-23:54:01.108498 7f72b4ee3700             Options.allow_ingest_behind: 0
2019/03/18-23:54:01.108499 7f72b4ee3700             Options.preserve_deletes: 0
2019/03/18-23:54:01.108500 7f72b4ee3700             Options.two_write_queues: 0
2019/03/18-23:54:01.108501 7f72b4ee3700             Options.manual_wal_flush: 0
2019/03/18-23:54:01.108502 7f72b4ee3700             Options.max_background_jobs: 24
2019/03/18-23:54:01.108503 7f72b4ee3700             Options.max_background_compactions: 24
2019/03/18-23:54:01.108504 7f72b4ee3700             Options.avoid_flush_during_shutdown: 0
2019/03/18-23:54:01.108505 7f72b4ee3700           Options.writable_file_max_buffer_size: 1048576
2019/03/18-23:54:01.108506 7f72b4ee3700             Options.delayed_write_rate : 16777216
2019/03/18-23:54:01.108507 7f72b4ee3700             Options.max_total_wal_size: 0
2019/03/18-23:54:01.108508 7f72b4ee3700             Options.delete_obsolete_files_period_micros: 21600000000
2019/03/18-23:54:01.108509 7f72b4ee3700                   Options.stats_dump_period_sec: 60
2019/03/18-23:54:01.108510 7f72b4ee3700                          Options.max_open_files: -1
2019/03/18-23:54:01.108511 7f72b4ee3700                          Options.bytes_per_sync: 1048576
2019/03/18-23:54:01.108513 7f72b4ee3700                      Options.wal_bytes_per_sync: 0
2019/03/18-23:54:01.108513 7f72b4ee3700       Options.compaction_readahead_size: 0
2019/03/18-23:54:01.108514 7f72b4ee3700 Compression algorithms supported:
2019/03/18-23:54:01.108516 7f72b4ee3700 	kZSTDNotFinalCompression supported: 1
2019/03/18-23:54:01.108523 7f72b4ee3700 	kZSTD supported: 1
2019/03/18-23:54:01.108525 7f72b4ee3700 	kXpressCompression supported: 0
2019/03/18-23:54:01.108526 7f72b4ee3700 	kLZ4HCCompression supported: 1
2019/03/18-23:54:01.108527 7f72b4ee3700 	kLZ4Compression supported: 1
2019/03/18-23:54:01.108528 7f72b4ee3700 	kBZip2Compression supported: 1
2019/03/18-23:54:01.108529 7f72b4ee3700 	kZlibCompression supported: 1
2019/03/18-23:54:01.108530 7f72b4ee3700 	kSnappyCompression supported: 1
2019/03/18-23:54:01.108534 7f72b4ee3700 Fast CRC32 supported: Not supported on x86
2019/03/18-23:54:01.108915 7f72b4ee3700 [db/version_set.cc:3085] Recovering from manifest file: MANIFEST-000004
2019/03/18-23:54:01.109005 7f72b4ee3700 [db/column_family.cc:475] --------------- Options for column family [default]:
2019/03/18-23:54:01.109008 7f72b4ee3700               Options.comparator: leveldb.BytewiseComparator
2019/03/18-23:54:01.109010 7f72b4ee3700           Options.merge_operator: None
2019/03/18-23:54:01.109011 7f72b4ee3700        Options.compaction_filter: None
2019/03/18-23:54:01.109011 7f72b4ee3700        Options.compaction_filter_factory: None
2019/03/18-23:54:01.109012 7f72b4ee3700         Options.memtable_factory: SkipListFactory
2019/03/18-23:54:01.109014 7f72b4ee3700            Options.table_factory: BlockBasedTable
2019/03/18-23:54:01.109039 7f72b4ee3700            table_factory options:   flush_block_policy_factory: FlushBlockBySizePolicyFactory (0x7f71c43e4920)
  cache_index_and_filter_blocks: 0
  cache_index_and_filter_blocks_with_high_priority: 0
  pin_l0_filter_and_index_blocks_in_cache: 0
  index_type: 0
  hash_index_allow_collision: 1
  checksum: 1
  no_block_cache: 0
  block_cache: 0x7f71c43d6810
  block_cache_name: LRUCache
  block_cache_options:
    capacity : 8388608
    num_shard_bits : 4
    strict_capacity_limit : 0
    high_pri_pool_ratio: 0.000
  block_cache_compressed: (nil)
  persistent_cache: (nil)
  block_size: 8192
  block_size_deviation: 10
  block_restart_interval: 16
  index_block_restart_interval: 1
  metadata_block_size: 4096
  partition_filters: 0
  use_delta_encoding: 1
  filter_policy: nullptr
  whole_key_filtering: 1
  verify_compression: 0
  read_amp_bytes_per_bit: 0
  format_version: 2
  enable_index_compression: 1
  block_align: 0
2019/03/18-23:54:01.109052 7f72b4ee3700        Options.write_buffer_size: 134217728
2019/03/18-23:54:01.109053 7f72b4ee3700  Options.max_write_buffer_number: 24
2019/03/18-23:54:01.109055 7f72b4ee3700        Options.compression[0]: NoCompression
2019/03/18-23:54:01.109056 7f72b4ee3700        Options.compression[1]: NoCompression
2019/03/18-23:54:01.109058 7f72b4ee3700        Options.compression[2]: LZ4
2019/03/18-23:54:01.109059 7f72b4ee3700        Options.compression[3]: LZ4
2019/03/18-23:54:01.109060 7f72b4ee3700        Options.compression[4]: LZ4
2019/03/18-23:54:01.109061 7f72b4ee3700        Options.compression[5]: LZ4
2019/03/18-23:54:01.109063 7f72b4ee3700        Options.compression[6]: LZ4
2019/03/18-23:54:01.109064 7f72b4ee3700                  Options.bottommost_compression: Disabled
2019/03/18-23:54:01.109065 7f72b4ee3700       Options.prefix_extractor: nullptr
2019/03/18-23:54:01.109066 7f72b4ee3700   Options.memtable_insert_with_hint_prefix_extractor: nullptr
2019/03/18-23:54:01.109067 7f72b4ee3700             Options.num_levels: 7
2019/03/18-23:54:01.109068 7f72b4ee3700        Options.min_write_buffer_number_to_merge: 2
2019/03/18-23:54:01.109069 7f72b4ee3700     Options.max_write_buffer_number_to_maintain: 0
2019/03/18-23:54:01.109070 7f72b4ee3700            Options.compression_opts.window_bits: -14
2019/03/18-23:54:01.109071 7f72b4ee3700                  Options.compression_opts.level: -1
2019/03/18-23:54:01.109072 7f72b4ee3700               Options.compression_opts.strategy: 0
2019/03/18-23:54:01.109073 7f72b4ee3700         Options.compression_opts.max_dict_bytes: 0
2019/03/18-23:54:01.109074 7f72b4ee3700         Options.compression_opts.zstd_max_train_bytes: 0
2019/03/18-23:54:01.109075 7f72b4ee3700      Options.level0_file_num_compaction_trigger: 2
2019/03/18-23:54:01.109076 7f72b4ee3700          Options.level0_slowdown_writes_trigger: 20
2019/03/18-23:54:01.109077 7f72b4ee3700              Options.level0_stop_writes_trigger: 36
2019/03/18-23:54:01.109077 7f72b4ee3700                   Options.target_file_size_base: 67108864
2019/03/18-23:54:01.109078 7f72b4ee3700             Options.target_file_size_multiplier: 1
2019/03/18-23:54:01.109079 7f72b4ee3700                Options.max_bytes_for_level_base: 536870912
2019/03/18-23:54:01.109080 7f72b4ee3700 Options.level_compaction_dynamic_level_bytes: 0
2019/03/18-23:54:01.109081 7f72b4ee3700          Options.max_bytes_for_level_multiplier: 10.000000
2019/03/18-23:54:01.109084 7f72b4ee3700 Options.max_bytes_for_level_multiplier_addtl[0]: 1
2019/03/18-23:54:01.109086 7f72b4ee3700 Options.max_bytes_for_level_multiplier_addtl[1]: 1
2019/03/18-23:54:01.109087 7f72b4ee3700 Options.max_bytes_for_level_multiplier_addtl[2]: 1
2019/03/18-23:54:01.109087 7f72b4ee3700 Options.max_bytes_for_level_multiplier_addtl[3]: 1
2019/03/18-23:54:01.109088 7f72b4ee3700 Options.max_bytes_for_level_multiplier_addtl[4]: 1
2019/03/18-23:54:01.109089 7f72b4ee3700 Options.max_bytes_for_level_multiplier_addtl[5]: 1
2019/03/18-23:54:01.109090 7f72b4ee3700 Options.max_bytes_for_level_multiplier_addtl[6]: 1
2019/03/18-23:54:01.109091 7f72b4ee3700       Options.max_sequential_skip_in_iterations: 8
2019/03/18-23:54:01.109092 7f72b4ee3700                    Options.max_compaction_bytes: 1677721600
2019/03/18-23:54:01.109099 7f72b4ee3700                        Options.arena_block_size: 16777216
2019/03/18-23:54:01.109100 7f72b4ee3700   Options.soft_pending_compaction_bytes_limit: 68719476736
2019/03/18-23:54:01.109101 7f72b4ee3700   Options.hard_pending_compaction_bytes_limit: 274877906944
2019/03/18-23:54:01.109102 7f72b4ee3700       Options.rate_limit_delay_max_milliseconds: 100
2019/03/18-23:54:01.109103 7f72b4ee3700                Options.disable_auto_compactions: 0
2019/03/18-23:54:01.109105 7f72b4ee3700                        Options.compaction_style: kCompactionStyleLevel
2019/03/18-23:54:01.109106 7f72b4ee3700                          Options.compaction_pri: kByCompensatedSize
2019/03/18-23:54:01.109107 7f72b4ee3700 Options.compaction_options_universal.size_ratio: 1
2019/03/18-23:54:01.109108 7f72b4ee3700 Options.compaction_options_universal.min_merge_width: 2
2019/03/18-23:54:01.109109 7f72b4ee3700 Options.compaction_options_universal.max_merge_width: 4294967295
2019/03/18-23:54:01.109110 7f72b4ee3700 Options.compaction_options_universal.max_size_amplification_percent: 200
2019/03/18-23:54:01.109111 7f72b4ee3700 Options.compaction_options_universal.compression_size_percent: -1
2019/03/18-23:54:01.109112 7f72b4ee3700 Options.compaction_options_universal.stop_style: kCompactionStopStyleTotalSize
2019/03/18-23:54:01.109113 7f72b4ee3700 Options.compaction_options_fifo.max_table_files_size: 1073741824
2019/03/18-23:54:01.109114 7f72b4ee3700 Options.compaction_options_fifo.allow_compaction: 0
2019/03/18-23:54:01.109115 7f72b4ee3700 Options.compaction_options_fifo.ttl: 0
2019/03/18-23:54:01.109116 7f72b4ee3700                   Options.table_properties_collectors: 
2019/03/18-23:54:01.109117 7f72b4ee3700                   Options.inplace_update_support: 0
2019/03/18-23:54:01.109118 7f72b4ee3700                 Options.inplace_update_num_locks: 10000
2019/03/18-23:54:01.109119 7f72b4ee3700               Options.memtable_prefix_bloom_size_ratio: 0.000000
2019/03/18-23:54:01.109121 7f72b4ee3700   Options.memtable_huge_page_size: 0
2019/03/18-23:54:01.109122 7f72b4ee3700                           Options.bloom_locality: 0
2019/03/18-23:54:01.109123 7f72b4ee3700                    Options.max_successive_merges: 0
2019/03/18-23:54:01.109124 7f72b4ee3700                Options.optimize_filters_for_hits: 0
2019/03/18-23:54:01.109125 7f72b4ee3700                Options.paranoid_file_checks: 0
2019/03/18-23:54:01.109126 7f72b4ee3700                Options.force_consistency_checks: 0
2019/03/18-23:54:01.109127 7f72b4ee3700                Options.report_bg_io_stats: 0
2019/03/18-23:54:01.109128 7f72b4ee3700                               Options.ttl: 0
2019/03/18-23:54:01.109595 7f72b4ee3700 [db/column_family.cc:475] --------------- Options for column family [usertable]:
2019/03/18-23:54:01.109598 7f72b4ee3700               Options.comparator: leveldb.BytewiseComparator
2019/03/18-23:54:01.109599 7f72b4ee3700           Options.merge_operator: None
2019/03/18-23:54:01.109600 7f72b4ee3700        Options.compaction_filter: None
2019/03/18-23:54:01.109601 7f72b4ee3700        Options.compaction_filter_factory: None
2019/03/18-23:54:01.109602 7f72b4ee3700         Options.memtable_factory: SkipListFactory
2019/03/18-23:54:01.109603 7f72b4ee3700            Options.table_factory: BlockBasedTable
2019/03/18-23:54:01.109630 7f72b4ee3700            table_factory options:   flush_block_policy_factory: FlushBlockBySizePolicyFactory (0x7f71c43e7800)
  cache_index_and_filter_blocks: 0
  cache_index_and_filter_blocks_with_high_priority: 0
  pin_l0_filter_and_index_blocks_in_cache: 0
  index_type: 0
  hash_index_allow_collision: 1
  checksum: 1
  no_block_cache: 0
  block_cache: 0x7f71c43e6290
  block_cache_name: LRUCache
  block_cache_options:
    capacity : 8388608
    num_shard_bits : 4
    strict_capacity_limit : 0
    high_pri_pool_ratio: 0.000
  block_cache_compressed: (nil)
  persistent_cache: (nil)
  block_size: 8192
  block_size_deviation: 10
  block_restart_interval: 16
  index_block_restart_interval: 1
  metadata_block_size: 4096
  partition_filters: 0
  use_delta_encoding: 1
  filter_policy: nullptr
  whole_key_filtering: 1
  verify_compression: 0
  read_amp_bytes_per_bit: 0
  format_version: 2
  enable_index_compression: 1
  block_align: 0
2019/03/18-23:54:01.109641 7f72b4ee3700        Options.write_buffer_size: 134217728
2019/03/18-23:54:01.109643 7f72b4ee3700  Options.max_write_buffer_number: 24
2019/03/18-23:54:01.109644 7f72b4ee3700        Options.compression[0]: NoCompression
2019/03/18-23:54:01.109646 7f72b4ee3700        Options.compression[1]: NoCompression
2019/03/18-23:54:01.109647 7f72b4ee3700        Options.compression[2]: LZ4
2019/03/18-23:54:01.109648 7f72b4ee3700        Options.compression[3]: LZ4
2019/03/18-23:54:01.109649 7f72b4ee3700        Options.compression[4]: LZ4
2019/03/18-23:54:01.109650 7f72b4ee3700        Options.compression[5]: LZ4
2019/03/18-23:54:01.109652 7f72b4ee3700        Options.compression[6]: LZ4
2019/03/18-23:54:01.109653 7f72b4ee3700                  Options.bottommost_compression: Disabled
2019/03/18-23:54:01.109654 7f72b4ee3700       Options.prefix_extractor: nullptr
2019/03/18-23:54:01.109655 7f72b4ee3700   Options.memtable_insert_with_hint_prefix_extractor: nullptr
2019/03/18-23:54:01.109656 7f72b4ee3700             Options.num_levels: 7
2019/03/18-23:54:01.109657 7f72b4ee3700        Options.min_write_buffer_number_to_merge: 2
2019/03/18-23:54:01.109658 7f72b4ee3700     Options.max_write_buffer_number_to_maintain: 0
2019/03/18-23:54:01.109658 7f72b4ee3700            Options.compression_opts.window_bits: -14
2019/03/18-23:54:01.109659 7f72b4ee3700                  Options.compression_opts.level: -1
2019/03/18-23:54:01.109660 7f72b4ee3700               Options.compression_opts.strategy: 0
2019/03/18-23:54:01.109661 7f72b4ee3700         Options.compression_opts.max_dict_bytes: 0
2019/03/18-23:54:01.109662 7f72b4ee3700         Options.compression_opts.zstd_max_train_bytes: 0
2019/03/18-23:54:01.109663 7f72b4ee3700      Options.level0_file_num_compaction_trigger: 2
2019/03/18-23:54:01.109664 7f72b4ee3700          Options.level0_slowdown_writes_trigger: 20
2019/03/18-23:54:01.109665 7f72b4ee3700              Options.level0_stop_writes_trigger: 36
2019/03/18-23:54:01.109666 7f72b4ee3700                   Options.target_file_size_base: 67108864
2019/03/18-23:54:01.109667 7f72b4ee3700             Options.target_file_size_multiplier: 1
2019/03/18-23:54:01.109668 7f72b4ee3700                Options.max_bytes_for_level_base: 536870912
2019/03/18-23:54:01.109669 7f72b4ee3700 Options.level_compaction_dynamic_level_bytes: 0
2019/03/18-23:54:01.109670 7f72b4ee3700          Options.max_bytes_for_level_multiplier: 10.000000
2019/03/18-23:54:01.109672 7f72b4ee3700 Options.max_bytes_for_level_multiplier_addtl[0]: 1
2019/03/18-23:54:01.109673 7f72b4ee3700 Options.max_bytes_for_level_multiplier_addtl[1]: 1
2019/03/18-23:54:01.109674 7f72b4ee3700 Options.max_bytes_for_level_multiplier_addtl[2]: 1
2019/03/18-23:54:01.109675 7f72b4ee3700 Options.max_bytes_for_level_multiplier_addtl[3]: 1
2019/03/18-23:54:01.109676 7f72b4ee3700 Options.max_bytes_for_level_multiplier_addtl[4]: 1
2019/03/18-23:54:01.109677 7f72b4ee3700 Options.max_bytes_for_level_multiplier_addtl[5]: 1
2019/03/18-23:54:01.109678 7f72b4ee3700 Options.max_bytes_for_level_multiplier_addtl[6]: 1
2019/03/18-23:54:01.109679 7f72b4ee3700       Options.max_sequential_skip_in_iterations: 8
2019/03/18-23:54:01.109680 7f72b4ee3700                    Options.max_compaction_bytes: 1677721600
2019/03/18-23:54:01.109681 7f72b4ee3700                        Options.arena_block_size: 16777216
2019/03/18-23:54:01.109682 7f72b4ee3700   Options.soft_pending_compaction_bytes_limit: 68719476736
2019/03/18-23:54:01.109683 7f72b4ee3700   Options.hard_pending_compaction_bytes_limit: 274877906944
2019/03/18-23:54:01.109684 7f72b4ee3700       Options.rate_limit_delay_max_milliseconds: 100
2019/03/18-23:54:01.109685 7f72b4ee3700                Options.disable_auto_compactions: 0
2019/03/18-23:54:01.109686 7f72b4ee3700                        Options.compaction_style: kCompactionStyleLevel
2019/03/18-23:54:01.109693 7f72b4ee3700                          Options.compaction_pri: kByCompensatedSize
2019/03/18-23:54:01.109695 7f72b4ee3700 Options.compaction_options_universal.size_ratio: 1
2019/03/18-23:54:01.109696 7f72b4ee3700 Options.compaction_options_universal.min_merge_width: 2
2019/03/18-23:54:01.109697 7f72b4ee3700 Options.compaction_options_universal.max_merge_width: 4294967295
2019/03/18-23:54:01.109698 7f72b4ee3700 Options.compaction_options_universal.max_size_amplification_percent: 200
2019/03/18-23:54:01.109699 7f72b4ee3700 Options.compaction_options_universal.compression_size_percent: -1
2019/03/18-23:54:01.109700 7f72b4ee3700 Options.compaction_options_universal.stop_style: kCompactionStopStyleTotalSize
2019/03/18-23:54:01.109701 7f72b4ee3700 Options.compaction_options_fifo.max_table_files_size: 1073741824
2019/03/18-23:54:01.109702 7f72b4ee3700 Options.compaction_options_fifo.allow_compaction: 0
2019/03/18-23:54:01.109703 7f72b4ee3700 Options.compaction_options_fifo.ttl: 0
2019/03/18-23:54:01.109704 7f72b4ee3700                   Options.table_properties_collectors: 
2019/03/18-23:54:01.109705 7f72b4ee3700                   Options.inplace_update_support: 0
2019/03/18-23:54:01.109705 7f72b4ee3700                 Options.inplace_update_num_locks: 10000
2019/03/18-23:54:01.109707 7f72b4ee3700               Options.memtable_prefix_bloom_size_ratio: 0.000000
2019/03/18-23:54:01.109708 7f72b4ee3700   Options.memtable_huge_page_size: 0
2019/03/18-23:54:01.109709 7f72b4ee3700                           Options.bloom_locality: 0
2019/03/18-23:54:01.109710 7f72b4ee3700                    Options.max_successive_merges: 0
2019/03/18-23:54:01.109711 7f72b4ee3700                Options.optimize_filters_for_hits: 0
2019/03/18-23:54:01.109712 7f72b4ee3700                Options.paranoid_file_checks: 0
2019/03/18-23:54:01.109713 7f72b4ee3700                Options.force_consistency_checks: 0
2019/03/18-23:54:01.109714 7f72b4ee3700                Options.report_bg_io_stats: 0
2019/03/18-23:54:01.109715 7f72b4ee3700                               Options.ttl: 0
2019/03/18-23:54:01.805784 7f72b4ee3700 [db/version_set.cc:3361] Recovered from manifest file:/mnt/sde/ycsb-rocksdb-data/MANIFEST-000004 succeeded,manifest_file_number is 4, next_file_number is 1336, last_sequence is 10443328, log_number is 0,prev_log_number is 0,max_column_family is 1,min_log_number_to_keep is 0
2019/03/18-23:54:01.805794 7f72b4ee3700 [db/version_set.cc:3369] Column family [default] (ID 0), log number is 0
2019/03/18-23:54:01.805796 7f72b4ee3700 [db/version_set.cc:3369] Column family [usertable] (ID 1), log number is 1333
2019/03/18-23:54:01.808121 7f72b4ee3700 EVENT_LOG_v1 {"time_micros": 1552978441808104, "job": 1, "event": "recovery_started", "log_files": [1333]}
2019/03/18-23:54:01.808129 7f72b4ee3700 [db/db_impl_open.cc:551] Recovering log #1333 mode 2
2019/03/18-23:54:01.950363 7f72b4ee3700 [db/version_set.cc:2847] Creating manifest 1336
2019/03/18-23:54:02.258147 7f72b4ee3700 EVENT_LOG_v1 {"time_micros": 1552978442258113, "cf_name": "usertable", "job": 1, "event": "table_file_creation", "file_number": 1337, "file_size": 48782111, "table_properties": {"data_size": 48564831, "index_size": 216359, "filter_size": 0, "raw_key_size": 282696, "raw_average_key_size": 24, "raw_value_size": 48246784, "raw_average_value_size": 4096, "num_data_blocks": 5890, "num_entries": 11779, "filter_policy_name": "", "kDeletedKeys": "0", "kMergeOperands": "0"}}
2019/03/18-23:54:02.292115 7f72b4ee3700 EVENT_LOG_v1 {"time_micros": 1552978442292104, "job": 1, "event": "recovery_finished"}
2019/03/18-23:54:02.346640 7f72b4ee3700 [db/db_impl_open.cc:1219] DB pointer 0x7f71c43ea2b0
2019/03/18-23:54:02.347283 7f728effd700 [WARN] [db/db_impl.cc:491] ------- DUMPING STATS -------
2019/03/18-23:54:02.347371 7f728effd700 [WARN] [db/db_impl.cc:492] 
** DB Stats **
Uptime(secs): 1.2 total, 1.2 interval
Cumulative writes: 0 writes, 0 keys, 0 commit groups, 0.0 writes per commit group, ingest: 0.00 GB, 0.00 MB/s
Cumulative WAL: 0 writes, 0 syncs, 0.00 writes per sync, written: 0.00 GB, 0.00 MB/s
Cumulative stall: 00:00:0.000 H:M:S, 0.0 percent
Interval writes: 0 writes, 0 keys, 0 commit groups, 0.0 writes per commit group, ingest: 0.00 MB, 0.00 MB/s
Interval WAL: 0 writes, 0 syncs, 0.00 writes per sync, written: 0.00 MB, 0.00 MB/s
Interval stall: 00:00:0.000 H:M:S, 0.0 percent

** Compaction Stats [default] **
Level    Files   Size     Score Read(GB)  Rn(GB) Rnp1(GB) Write(GB) Wnew(GB) Moved(GB) W-Amp Rd(MB/s) Wr(MB/s) Comp(sec) Comp(cnt) Avg(sec) KeyIn KeyDrop
----------------------------------------------------------------------------------------------------------------------------------------------------------
 Sum      0/0    0.00 KB   0.0      0.0     0.0      0.0       0.0      0.0       0.0   0.0      0.0      0.0         0         0    0.000       0      0
 Int      0/0    0.00 KB   0.0      0.0     0.0      0.0       0.0      0.0       0.0   0.0      0.0      0.0         0         0    0.000       0      0
Uptime(secs): 1.2 total, 1.2 interval
Flush(GB): cumulative 0.000, interval 0.000
AddFile(GB): cumulative 0.000, interval 0.000
AddFile(Total Files): cumulative 0, interval 0
AddFile(L0 Files): cumulative 0, interval 0
AddFile(Keys): cumulative 0, interval 0
Cumulative compaction: 0.00 GB write, 0.00 MB/s write, 0.00 GB read, 0.00 MB/s read, 0.0 seconds
Interval compaction: 0.00 GB write, 0.00 MB/s write, 0.00 GB read, 0.00 MB/s read, 0.0 seconds
Stalls(count): 0 level0_slowdown, 0 level0_slowdown_with_compaction, 0 level0_numfiles, 0 level0_numfiles_with_compaction, 0 stop for pending_compaction_bytes, 0 slowdown for pending_compaction_bytes, 0 memtable_compaction, 0 memtable_slowdown, interval 0 total count

** File Read Latency Histogram By Level [default] **

** Compaction Stats [usertable] **
Level    Files   Size     Score Read(GB)  Rn(GB) Rnp1(GB) Write(GB) Wnew(GB) Moved(GB) W-Amp Rd(MB/s) Wr(MB/s) Comp(sec) Comp(cnt) Avg(sec) KeyIn KeyDrop
----------------------------------------------------------------------------------------------------------------------------------------------------------
  L0      2/0   228.71 MB   1.0      0.0     0.0      0.0       0.0      0.0       0.0   1.0      0.0    214.0         0         1    0.217       0      0
  L1      8/0   650.96 MB   1.3      0.0     0.0      0.0       0.0      0.0       0.0   0.0      0.0      0.0         0         0    0.000       0      0
  L2    175/0    4.94 GB   1.0      0.0     0.0      0.0       0.0      0.0       0.0   0.0      0.0      0.0         0         0    0.000       0      0
  L3    549/0   34.38 GB   0.7      0.0     0.0      0.0       0.0      0.0       0.0   0.0      0.0      0.0         0         0    0.000       0      0
 Sum    734/0   40.18 GB   0.0      0.0     0.0      0.0       0.0      0.0       0.0   1.0      0.0    214.0         0         1    0.217       0      0
 Int      0/0    0.00 KB   0.0      0.0     0.0      0.0       0.0      0.0       0.0   1.0      0.0    214.0         0         1    0.217       0      0
Uptime(secs): 1.2 total, 1.2 interval
Flush(GB): cumulative 0.045, interval 0.045
AddFile(GB): cumulative 0.000, interval 0.000
AddFile(Total Files): cumulative 0, interval 0
AddFile(L0 Files): cumulative 0, interval 0
AddFile(Keys): cumulative 0, interval 0
Cumulative compaction: 0.05 GB write, 37.60 MB/s write, 0.00 GB read, 0.00 MB/s read, 0.2 seconds
Interval compaction: 0.05 GB write, 37.60 MB/s write, 0.00 GB read, 0.00 MB/s read, 0.2 seconds
Stalls(count): 0 level0_slowdown, 0 level0_slowdown_with_compaction, 0 level0_numfiles, 0 level0_numfiles_with_compaction, 0 stop for pending_compaction_bytes, 0 slowdown for pending_compaction_bytes, 0 memtable_compaction, 0 memtable_slowdown, interval 0 total count

** File Read Latency Histogram By Level [usertable] **

** Compaction Stats [default] **
Level    Files   Size     Score Read(GB)  Rn(GB) Rnp1(GB) Write(GB) Wnew(GB) Moved(GB) W-Amp Rd(MB/s) Wr(MB/s) Comp(sec) Comp(cnt) Avg(sec) KeyIn KeyDrop
----------------------------------------------------------------------------------------------------------------------------------------------------------
 Sum      0/0    0.00 KB   0.0      0.0     0.0      0.0       0.0      0.0       0.0   0.0      0.0      0.0         0         0    0.000       0      0
 Int      0/0    0.00 KB   0.0      0.0     0.0      0.0       0.0      0.0       0.0   0.0      0.0      0.0         0         0    0.000       0      0
Uptime(secs): 1.2 total, 0.0 interval
Flush(GB): cumulative 0.000, interval 0.000
AddFile(GB): cumulative 0.000, interval 0.000
AddFile(Total Files): cumulative 0, interval 0
AddFile(L0 Files): cumulative 0, interval 0
AddFile(Keys): cumulative 0, interval 0
Cumulative compaction: 0.00 GB write, 0.00 MB/s write, 0.00 GB read, 0.00 MB/s read, 0.0 seconds
Interval compaction: 0.00 GB write, 0.00 MB/s write, 0.00 GB read, 0.00 MB/s read, 0.0 seconds
Stalls(count): 0 level0_slowdown, 0 level0_slowdown_with_compaction, 0 level0_numfiles, 0 level0_numfiles_with_compaction, 0 stop for pending_compaction_bytes, 0 slowdown for pending_compaction_bytes, 0 memtable_compaction, 0 memtable_slowdown, interval 0 total count

** File Read Latency Histogram By Level [default] **

** Compaction Stats [usertable] **
Level    Files   Size     Score Read(GB)  Rn(GB) Rnp1(GB) Write(GB) Wnew(GB) Moved(GB) W-Amp Rd(MB/s) Wr(MB/s) Comp(sec) Comp(cnt) Avg(sec) KeyIn KeyDrop
----------------------------------------------------------------------------------------------------------------------------------------------------------
  L0      2/0   228.71 MB   1.0      0.0     0.0      0.0       0.0      0.0       0.0   1.0      0.0    214.0         0         1    0.217       0      0
  L1      8/0   650.96 MB   1.3      0.0     0.0      0.0       0.0      0.0       0.0   0.0      0.0      0.0         0         0    0.000       0      0
  L2    175/0    4.94 GB   1.0      0.0     0.0      0.0       0.0      0.0       0.0   0.0      0.0      0.0         0         0    0.000       0      0
  L3    549/0   34.38 GB   0.7      0.0     0.0      0.0       0.0      0.0       0.0   0.0      0.0      0.0         0         0    0.000       0      0
 Sum    734/0   40.18 GB   0.0      0.0     0.0      0.0       0.0      0.0       0.0   1.0      0.0    214.0         0         1    0.217       0      0
 Int      0/0    0.00 KB   0.0      0.0     0.0      0.0       0.0      0.0       0.0   0.0      0.0      0.0         0         0    0.000       0      0
Uptime(secs): 1.2 total, 0.0 interval
Flush(GB): cumulative 0.045, interval 0.000
AddFile(GB): cumulative 0.000, interval 0.000
AddFile(Total Files): cumulative 0, interval 0
AddFile(L0 Files): cumulative 0, interval 0
AddFile(Keys): cumulative 0, interval 0
Cumulative compaction: 0.05 GB write, 37.59 MB/s write, 0.00 GB read, 0.00 MB/s read, 0.2 seconds
Interval compaction: 0.00 GB write, 0.00 MB/s write, 0.00 GB read, 0.00 MB/s read, 0.0 seconds
Stalls(count): 0 level0_slowdown, 0 level0_slowdown_with_compaction, 0 level0_numfiles, 0 level0_numfiles_with_compaction, 0 stop for pending_compaction_bytes, 0 slowdown for pending_compaction_bytes, 0 memtable_compaction, 0 memtable_slowdown, interval 0 total count

** File Read Latency Histogram By Level [usertable] **
2019/03/18-23:54:02.347710 7f728effd700 [db/compaction_job.cc:1531] [usertable] [JOB 3] Compacting 1@1 files to L2, score 1.27
2019/03/18-23:54:02.347733 7f728effd700 [db/compaction_job.cc:1535] [usertable] Compaction start summary: Base version 5 Base level 1, inputs: [1334(222MB)]
2019/03/18-23:54:02.347851 7f728effd700 EVENT_LOG_v1 {"time_micros": 1552978442347774, "job": 3, "event": "compaction_started", "compaction_reason": "LevelMaxLevelSize", "files_L1": [1334], "score": 1.2714, "input_data_size": 233078030}
2019/03/18-23:54:03.196797 7f728effd700 [db/compaction_job.cc:1211] [usertable] [JOB 3] Generated table #1341: 16279 keys, 67233387 bytes
2019/03/18-23:54:03.196844 7f728effd700 EVENT_LOG_v1 {"time_micros": 1552978443196823, "cf_name": "usertable", "job": 3, "event": "table_file_creation", "file_number": 1341, "file_size": 67233387, "table_properties": {"data_size": 67118331, "index_size": 299108, "filter_size": 0, "raw_key_size": 390696, "raw_average_key_size": 24, "raw_value_size": 66678784, "raw_average_value_size": 4096, "num_data_blocks": 8140, "num_entries": 16279, "filter_policy_name": "", "kDeletedKeys": "0", "kMergeOperands": "0"}}
2019/03/18-23:54:04.136152 7f728effd700 [db/compaction_job.cc:1211] [usertable] [JOB 3] Generated table #1342: 16279 keys, 67233531 bytes
2019/03/18-23:54:04.136210 7f728effd700 EVENT_LOG_v1 {"time_micros": 1552978444136183, "cf_name": "usertable", "job": 3, "event": "table_file_creation", "file_number": 1342, "file_size": 67233531, "table_properties": {"data_size": 67120140, "index_size": 300916, "filter_size": 0, "raw_key_size": 390696, "raw_average_key_size": 24, "raw_value_size": 66678784, "raw_average_value_size": 4096, "num_data_blocks": 8140, "num_entries": 16279, "filter_policy_name": "", "kDeletedKeys": "0", "kMergeOperands": "0"}}
2019/03/18-23:54:05.186243 7f728effd700 [db/compaction_job.cc:1211] [usertable] [JOB 3] Generated table #1343: 16279 keys, 67233361 bytes
2019/03/18-23:54:05.186285 7f728effd700 EVENT_LOG_v1 {"time_micros": 1552978445186268, "cf_name": "usertable", "job": 3, "event": "table_file_creation", "file_number": 1343, "file_size": 67233361, "table_properties": {"data_size": 67118331, "index_size": 299107, "filter_size": 0, "raw_key_size": 390696, "raw_average_key_size": 24, "raw_value_size": 66678784, "raw_average_value_size": 4096, "num_data_blocks": 8140, "num_entries": 16279, "filter_policy_name": "", "kDeletedKeys": "0", "kMergeOperands": "0"}}
2019/03/18-23:54:06.009204 7f728effd700 [db/compaction_job.cc:1211] [usertable] [JOB 3] Generated table #1344: 7443 keys, 30740750 bytes
2019/03/18-23:54:06.009263 7f728effd700 EVENT_LOG_v1 {"time_micros": 1552978446009235, "cf_name": "usertable", "job": 3, "event": "table_file_creation", "file_number": 1344, "file_size": 30740750, "table_properties": {"data_size": 30688330, "index_size": 137450, "filter_size": 0, "raw_key_size": 178632, "raw_average_key_size": 24, "raw_value_size": 30486528, "raw_average_value_size": 4096, "num_data_blocks": 3722, "num_entries": 7443, "filter_policy_name": "", "kDeletedKeys": "0", "kMergeOperands": "0"}}
2019/03/18-23:54:06.009373 7f728effd700 [db/compaction_job.cc:1287] [usertable] [JOB 3] Compacted 1@1 files to L2 => 232441029 bytes
2019/03/18-23:54:06.042459 7f728effd700 (Original Log Time 2019/03/18-23:54:06.042244) [db/compaction_job.cc:685] [usertable] compacted to: base level 1 max bytes base 536870912 files[2 7 179 549 0 0 0] max score 1.03, MB/sec: 63.7 rd, 63.5 wr, level 2, files in(1, 0) out(4) MB in(222.3, 0.0) out(221.7), read-write-amplify(2.0) write-amplify(1.0) OK, records in: 56280, records dropped: 0 output_compression: LZ4
2019/03/18-23:54:06.042471 7f728effd700 (Original Log Time 2019/03/18-23:54:06.042305) EVENT_LOG_v1 {"time_micros": 1552978446042279, "job": 3, "event": "compaction_finished", "compaction_time_micros": 3661448, "output_level": 2, "num_output_files": 4, "total_output_size": 232441029, "num_input_records": 56280, "num_output_records": 56280, "num_subcompactions": 1, "output_compression": "LZ4", "num_single_delete_mismatches": 0, "num_single_delete_fallthrough": 0, "lsm_state": [2, 7, 179, 549, 0, 0, 0]}
2019/03/18-23:54:06.074639 7f728effd700 (Original Log Time 2019/03/18-23:54:06.042576) [db/db_impl_compaction_flush.cc:1835] [usertable] Moving #1342 to level-3 67233531 bytes
2019/03/18-23:54:06.074645 7f728effd700 (Original Log Time 2019/03/18-23:54:06.074544) EVENT_LOG_v1 {"time_micros": 1552978446074520, "job": 4, "event": "trivial_move", "destination_level": 3, "files": 1, "total_files_size": 67233531}
2019/03/18-23:54:06.074648 7f728effd700 (Original Log Time 2019/03/18-23:54:06.074563) [db/db_impl_compaction_flush.cc:1864] [usertable] Moved #1 files to level-3 67233531 bytes OK: base level 1 max bytes base 536870912 files[2 7 178 550 0 0 0] max score 1.02
2019/03/18-23:54:06.219611 7f728effd700 EVENT_LOG_v1 {"time_micros": 1552978446219592, "job": 4, "event": "table_file_deletion", "file_number": 1334}
2019/03/18-23:54:06.252887 7f72a6ffd700 (Original Log Time 2019/03/18-23:54:06.219871) [db/db_impl_compaction_flush.cc:1835] [usertable] Moving #1341 to level-3 67233387 bytes
2019/03/18-23:54:06.252919 7f72a6ffd700 (Original Log Time 2019/03/18-23:54:06.252676) EVENT_LOG_v1 {"time_micros": 1552978446252651, "job": 5, "event": "trivial_move", "destination_level": 3, "files": 1, "total_files_size": 67233387}
2019/03/18-23:54:06.252923 7f72a6ffd700 (Original Log Time 2019/03/18-23:54:06.252690) [db/db_impl_compaction_flush.cc:1864] [usertable] Moved #1 files to level-3 67233387 bytes OK: base level 1 max bytes base 536870912 files[2 7 177 551 0 0 0] max score 1.01
2019/03/18-23:54:06.287970 7f72a6ffd700 (Original Log Time 2019/03/18-23:54:06.253382) [db/db_impl_compaction_flush.cc:1835] [usertable] Moving #1343 to level-3 67233361 bytes
2019/03/18-23:54:06.287979 7f72a6ffd700 (Original Log Time 2019/03/18-23:54:06.287866) EVENT_LOG_v1 {"time_micros": 1552978446287853, "job": 6, "event": "trivial_move", "destination_level": 3, "files": 1, "total_files_size": 67233361}
2019/03/18-23:54:06.287983 7f72a6ffd700 (Original Log Time 2019/03/18-23:54:06.287885) [db/db_impl_compaction_flush.cc:1864] [usertable] Moved #1 files to level-3 67233361 bytes OK: base level 1 max bytes base 536870912 files[2 7 176 552 0 0 0] max score 1.00
2019/03/18-23:54:06.321373 7f72a6ffd700 (Original Log Time 2019/03/18-23:54:06.288292) [db/db_impl_compaction_flush.cc:1835] [usertable] Moving #943 to level-1 191042933 bytes
2019/03/18-23:54:06.321382 7f72a6ffd700 (Original Log Time 2019/03/18-23:54:06.321257) EVENT_LOG_v1 {"time_micros": 1552978446321243, "job": 7, "event": "trivial_move", "destination_level": 1, "files": 1, "total_files_size": 191042933}
2019/03/18-23:54:06.321386 7f72a6ffd700 (Original Log Time 2019/03/18-23:54:06.321277) [db/db_impl_compaction_flush.cc:1864] [usertable] Moved #1 files to level-1 191042933 bytes OK: base level 1 max bytes base 536870912 files[1 8 176 552 0 0 0] max score 1.19
2019/03/18-23:54:06.321718 7f72a6ffd700 [db/compaction_job.cc:1531] [usertable] [JOB 8] Compacting 1@1 files to L2, score 1.19
2019/03/18-23:54:06.321731 7f72a6ffd700 [db/compaction_job.cc:1535] [usertable] Compaction start summary: Base version 10 Base level 1, inputs: [943(182MB)]
2019/03/18-23:54:06.321768 7f72a6ffd700 EVENT_LOG_v1 {"time_micros": 1552978446321743, "job": 8, "event": "compaction_started", "compaction_reason": "LevelMaxLevelSize", "files_L1": [943], "score": 1.19311, "input_data_size": 191042933}
2019/03/18-23:54:07.194161 7f72a6ffd700 [db/compaction_job.cc:1211] [usertable] [JOB 8] Generated table #1345: 16279 keys, 67233355 bytes
