2018/12/16-06:52:27.093281 7ffb862f7700 RocksDB version: 5.14.3
2018/12/16-06:52:27.093354 7ffb862f7700 Git sha rocksdb_build_git_sha:
2018/12/16-06:52:27.093357 7ffb862f7700 Compile date Dec 15 2018
2018/12/16-06:52:27.093361 7ffb862f7700 DB SUMMARY
2018/12/16-06:52:27.094062 7ffb862f7700 CURRENT file:  CURRENT
2018/12/16-06:52:27.094064 7ffb862f7700 IDENTITY file:  IDENTITY
2018/12/16-06:52:27.094074 7ffb862f7700 MANIFEST file:  MANIFEST-000004 size: 128973 Bytes
2018/12/16-06:52:27.094078 7ffb862f7700 SST files in /mnt/sdb/ycsb-rocksdb-data dir, Total Num: 664, files: 000021.sst 000022.sst 000023.sst 000024.sst 000028.sst 000029.sst 000030.sst 000031.sst 000035.sst 
2018/12/16-06:52:27.094080 7ffb862f7700 Write Ahead Log file in /mnt/sdb/ycsb-rocksdb-data: 001298.log size: 100531754 ; 001301.log size: 100529756 ; 001304.log size: 64254537 ; 
2018/12/16-06:52:27.094084 7ffb862f7700                         Options.error_if_exists: 0
2018/12/16-06:52:27.094086 7ffb862f7700                       Options.create_if_missing: 1
2018/12/16-06:52:27.094087 7ffb862f7700                         Options.paranoid_checks: 1
2018/12/16-06:52:27.094088 7ffb862f7700                                     Options.env: 0x7ffb7cff72c0
2018/12/16-06:52:27.094089 7ffb862f7700                                Options.info_log: 0x7ffaec3c4770
2018/12/16-06:52:27.094091 7ffb862f7700                Options.max_file_opening_threads: 16
2018/12/16-06:52:27.094092 7ffb862f7700                              Options.statistics: (nil)
2018/12/16-06:52:27.094093 7ffb862f7700                               Options.use_fsync: 0
2018/12/16-06:52:27.094094 7ffb862f7700                       Options.max_log_file_size: 0
2018/12/16-06:52:27.094095 7ffb862f7700                  Options.max_manifest_file_size: 18446744073709551615
2018/12/16-06:52:27.094097 7ffb862f7700                   Options.log_file_time_to_roll: 0
2018/12/16-06:52:27.094098 7ffb862f7700                       Options.keep_log_file_num: 1000
2018/12/16-06:52:27.094099 7ffb862f7700                    Options.recycle_log_file_num: 0
2018/12/16-06:52:27.094100 7ffb862f7700                         Options.allow_fallocate: 1
2018/12/16-06:52:27.094101 7ffb862f7700                        Options.allow_mmap_reads: 0
2018/12/16-06:52:27.094102 7ffb862f7700                       Options.allow_mmap_writes: 0
2018/12/16-06:52:27.094103 7ffb862f7700                        Options.use_direct_reads: 0
2018/12/16-06:52:27.094104 7ffb862f7700                        Options.use_direct_io_for_flush_and_compaction: 0
2018/12/16-06:52:27.094105 7ffb862f7700          Options.create_missing_column_families: 1
2018/12/16-06:52:27.094106 7ffb862f7700                              Options.db_log_dir: 
2018/12/16-06:52:27.094108 7ffb862f7700                                 Options.wal_dir: /mnt/sdb/ycsb-rocksdb-data
2018/12/16-06:52:27.094109 7ffb862f7700                Options.table_cache_numshardbits: 6
2018/12/16-06:52:27.094110 7ffb862f7700                      Options.max_subcompactions: 4
2018/12/16-06:52:27.094111 7ffb862f7700                  Options.max_background_flushes: 24
2018/12/16-06:52:27.094112 7ffb862f7700                         Options.WAL_ttl_seconds: 0
2018/12/16-06:52:27.094113 7ffb862f7700                       Options.WAL_size_limit_MB: 0
2018/12/16-06:52:27.094114 7ffb862f7700             Options.manifest_preallocation_size: 4194304
2018/12/16-06:52:27.094115 7ffb862f7700                     Options.is_fd_close_on_exec: 1
2018/12/16-06:52:27.094116 7ffb862f7700                   Options.advise_random_on_open: 1
2018/12/16-06:52:27.094118 7ffb862f7700                    Options.db_write_buffer_size: 0
2018/12/16-06:52:27.094119 7ffb862f7700                    Options.write_buffer_manager: 0x7ffaec3c1540
2018/12/16-06:52:27.094120 7ffb862f7700         Options.access_hint_on_compaction_start: 1
2018/12/16-06:52:27.094121 7ffb862f7700  Options.new_table_reader_for_compaction_inputs: 0
2018/12/16-06:52:27.094122 7ffb862f7700           Options.random_access_max_buffer_size: 1048576
2018/12/16-06:52:27.094123 7ffb862f7700                      Options.use_adaptive_mutex: 0
2018/12/16-06:52:27.094135 7ffb862f7700                            Options.rate_limiter: (nil)
2018/12/16-06:52:27.094138 7ffb862f7700     Options.sst_file_manager.rate_bytes_per_sec: 0
2018/12/16-06:52:27.094139 7ffb862f7700                       Options.wal_recovery_mode: 2
2018/12/16-06:52:27.094141 7ffb862f7700                  Options.enable_thread_tracking: 0
2018/12/16-06:52:27.094142 7ffb862f7700                  Options.enable_pipelined_write: 1
2018/12/16-06:52:27.094143 7ffb862f7700         Options.allow_concurrent_memtable_write: 1
2018/12/16-06:52:27.094144 7ffb862f7700      Options.enable_write_thread_adaptive_yield: 1
2018/12/16-06:52:27.094145 7ffb862f7700             Options.write_thread_max_yield_usec: 100
2018/12/16-06:52:27.094146 7ffb862f7700            Options.write_thread_slow_yield_usec: 3
2018/12/16-06:52:27.094148 7ffb862f7700                               Options.row_cache: None
2018/12/16-06:52:27.094149 7ffb862f7700                              Options.wal_filter: None
2018/12/16-06:52:27.094150 7ffb862f7700             Options.avoid_flush_during_recovery: 0
2018/12/16-06:52:27.094151 7ffb862f7700             Options.allow_ingest_behind: 0
2018/12/16-06:52:27.094152 7ffb862f7700             Options.preserve_deletes: 0
2018/12/16-06:52:27.094153 7ffb862f7700             Options.two_write_queues: 0
2018/12/16-06:52:27.094154 7ffb862f7700             Options.manual_wal_flush: 0
2018/12/16-06:52:27.094156 7ffb862f7700             Options.max_background_jobs: 24
2018/12/16-06:52:27.094157 7ffb862f7700             Options.max_background_compactions: 24
2018/12/16-06:52:27.094158 7ffb862f7700             Options.avoid_flush_during_shutdown: 0
2018/12/16-06:52:27.094159 7ffb862f7700           Options.writable_file_max_buffer_size: 1048576
2018/12/16-06:52:27.094160 7ffb862f7700             Options.delayed_write_rate : 16777216
2018/12/16-06:52:27.094162 7ffb862f7700             Options.max_total_wal_size: 0
2018/12/16-06:52:27.094163 7ffb862f7700             Options.delete_obsolete_files_period_micros: 21600000000
2018/12/16-06:52:27.094164 7ffb862f7700                   Options.stats_dump_period_sec: 60
2018/12/16-06:52:27.094165 7ffb862f7700                          Options.max_open_files: -1
2018/12/16-06:52:27.094166 7ffb862f7700                          Options.bytes_per_sync: 1048576
2018/12/16-06:52:27.094167 7ffb862f7700                      Options.wal_bytes_per_sync: 0
2018/12/16-06:52:27.094168 7ffb862f7700       Options.compaction_readahead_size: 0
2018/12/16-06:52:27.094170 7ffb862f7700 Compression algorithms supported:
2018/12/16-06:52:27.094171 7ffb862f7700 	kZSTDNotFinalCompression supported: 1
2018/12/16-06:52:27.094180 7ffb862f7700 	kZSTD supported: 1
2018/12/16-06:52:27.094182 7ffb862f7700 	kXpressCompression supported: 0
2018/12/16-06:52:27.094183 7ffb862f7700 	kLZ4HCCompression supported: 1
2018/12/16-06:52:27.094184 7ffb862f7700 	kLZ4Compression supported: 1
2018/12/16-06:52:27.094185 7ffb862f7700 	kBZip2Compression supported: 1
2018/12/16-06:52:27.094187 7ffb862f7700 	kZlibCompression supported: 1
2018/12/16-06:52:27.094188 7ffb862f7700 	kSnappyCompression supported: 1
2018/12/16-06:52:27.094192 7ffb862f7700 Fast CRC32 supported: Supported on x86
2018/12/16-06:52:27.094618 7ffb862f7700 [db/version_set.cc:3085] Recovering from manifest file: MANIFEST-000004
2018/12/16-06:52:27.094757 7ffb862f7700 [db/column_family.cc:475] --------------- Options for column family [default]:
2018/12/16-06:52:27.094761 7ffb862f7700               Options.comparator: leveldb.BytewiseComparator
2018/12/16-06:52:27.094763 7ffb862f7700           Options.merge_operator: None
2018/12/16-06:52:27.094764 7ffb862f7700        Options.compaction_filter: None
2018/12/16-06:52:27.094765 7ffb862f7700        Options.compaction_filter_factory: None
2018/12/16-06:52:27.094766 7ffb862f7700         Options.memtable_factory: SkipListFactory
2018/12/16-06:52:27.094767 7ffb862f7700            Options.table_factory: BlockBasedTable
2018/12/16-06:52:27.094794 7ffb862f7700            table_factory options:   flush_block_policy_factory: FlushBlockBySizePolicyFactory (0x7ffaec375db0)
  cache_index_and_filter_blocks: 0
  cache_index_and_filter_blocks_with_high_priority: 0
  pin_l0_filter_and_index_blocks_in_cache: 0
  index_type: 0
  hash_index_allow_collision: 1
  checksum: 1
  no_block_cache: 0
  block_cache: 0x7ffaec381c90
  block_cache_name: LRUCache
  block_cache_options:
    capacity : 8388608
    num_shard_bits : 4
    strict_capacity_limit : 0
    high_pri_pool_ratio: 0.000
  block_cache_compressed: (nil)
  persistent_cache: (nil)
  block_size: 8192
  block_size_deviation: 10
  block_restart_interval: 16
  index_block_restart_interval: 1
  metadata_block_size: 4096
  partition_filters: 0
  use_delta_encoding: 1
  filter_policy: nullptr
  whole_key_filtering: 1
  verify_compression: 0
  read_amp_bytes_per_bit: 0
  format_version: 2
  enable_index_compression: 1
  block_align: 0
2018/12/16-06:52:27.094807 7ffb862f7700        Options.write_buffer_size: 134217728
2018/12/16-06:52:27.094809 7ffb862f7700  Options.max_write_buffer_number: 24
2018/12/16-06:52:27.094811 7ffb862f7700        Options.compression[0]: NoCompression
2018/12/16-06:52:27.094812 7ffb862f7700        Options.compression[1]: NoCompression
2018/12/16-06:52:27.094814 7ffb862f7700        Options.compression[2]: LZ4
2018/12/16-06:52:27.094815 7ffb862f7700        Options.compression[3]: LZ4
2018/12/16-06:52:27.094816 7ffb862f7700        Options.compression[4]: LZ4
2018/12/16-06:52:27.094817 7ffb862f7700        Options.compression[5]: LZ4
2018/12/16-06:52:27.094818 7ffb862f7700        Options.compression[6]: LZ4
2018/12/16-06:52:27.094819 7ffb862f7700                  Options.bottommost_compression: Disabled
2018/12/16-06:52:27.094821 7ffb862f7700       Options.prefix_extractor: nullptr
2018/12/16-06:52:27.094822 7ffb862f7700   Options.memtable_insert_with_hint_prefix_extractor: nullptr
2018/12/16-06:52:27.094823 7ffb862f7700             Options.num_levels: 7
2018/12/16-06:52:27.094824 7ffb862f7700        Options.min_write_buffer_number_to_merge: 2
2018/12/16-06:52:27.094826 7ffb862f7700     Options.max_write_buffer_number_to_maintain: 0
2018/12/16-06:52:27.094827 7ffb862f7700            Options.compression_opts.window_bits: -14
2018/12/16-06:52:27.094828 7ffb862f7700                  Options.compression_opts.level: -1
2018/12/16-06:52:27.094829 7ffb862f7700               Options.compression_opts.strategy: 0
2018/12/16-06:52:27.094830 7ffb862f7700         Options.compression_opts.max_dict_bytes: 0
2018/12/16-06:52:27.094831 7ffb862f7700         Options.compression_opts.zstd_max_train_bytes: 0
2018/12/16-06:52:27.094832 7ffb862f7700      Options.level0_file_num_compaction_trigger: 2
2018/12/16-06:52:27.094833 7ffb862f7700          Options.level0_slowdown_writes_trigger: 20
2018/12/16-06:52:27.094834 7ffb862f7700              Options.level0_stop_writes_trigger: 36
2018/12/16-06:52:27.094835 7ffb862f7700                   Options.target_file_size_base: 67108864
2018/12/16-06:52:27.094837 7ffb862f7700             Options.target_file_size_multiplier: 1
2018/12/16-06:52:27.094838 7ffb862f7700                Options.max_bytes_for_level_base: 536870912
2018/12/16-06:52:27.094839 7ffb862f7700 Options.level_compaction_dynamic_level_bytes: 0
2018/12/16-06:52:27.094840 7ffb862f7700          Options.max_bytes_for_level_multiplier: 10.000000
2018/12/16-06:52:27.094844 7ffb862f7700 Options.max_bytes_for_level_multiplier_addtl[0]: 1
2018/12/16-06:52:27.094845 7ffb862f7700 Options.max_bytes_for_level_multiplier_addtl[1]: 1
2018/12/16-06:52:27.094846 7ffb862f7700 Options.max_bytes_for_level_multiplier_addtl[2]: 1
2018/12/16-06:52:27.094847 7ffb862f7700 Options.max_bytes_for_level_multiplier_addtl[3]: 1
2018/12/16-06:52:27.094848 7ffb862f7700 Options.max_bytes_for_level_multiplier_addtl[4]: 1
2018/12/16-06:52:27.094849 7ffb862f7700 Options.max_bytes_for_level_multiplier_addtl[5]: 1
2018/12/16-06:52:27.094851 7ffb862f7700 Options.max_bytes_for_level_multiplier_addtl[6]: 1
2018/12/16-06:52:27.094852 7ffb862f7700       Options.max_sequential_skip_in_iterations: 8
2018/12/16-06:52:27.094853 7ffb862f7700                    Options.max_compaction_bytes: 1677721600
2018/12/16-06:52:27.094861 7ffb862f7700                        Options.arena_block_size: 16777216
2018/12/16-06:52:27.094862 7ffb862f7700   Options.soft_pending_compaction_bytes_limit: 68719476736
2018/12/16-06:52:27.094863 7ffb862f7700   Options.hard_pending_compaction_bytes_limit: 274877906944
2018/12/16-06:52:27.094865 7ffb862f7700       Options.rate_limit_delay_max_milliseconds: 100
2018/12/16-06:52:27.094866 7ffb862f7700                Options.disable_auto_compactions: 0
2018/12/16-06:52:27.094868 7ffb862f7700                        Options.compaction_style: kCompactionStyleLevel
2018/12/16-06:52:27.094870 7ffb862f7700                          Options.compaction_pri: kByCompensatedSize
2018/12/16-06:52:27.094871 7ffb862f7700 Options.compaction_options_universal.size_ratio: 1
2018/12/16-06:52:27.094872 7ffb862f7700 Options.compaction_options_universal.min_merge_width: 2
2018/12/16-06:52:27.094873 7ffb862f7700 Options.compaction_options_universal.max_merge_width: 4294967295
2018/12/16-06:52:27.094874 7ffb862f7700 Options.compaction_options_universal.max_size_amplification_percent: 200
2018/12/16-06:52:27.094876 7ffb862f7700 Options.compaction_options_universal.compression_size_percent: -1
2018/12/16-06:52:27.094877 7ffb862f7700 Options.compaction_options_universal.stop_style: kCompactionStopStyleTotalSize
2018/12/16-06:52:27.094879 7ffb862f7700 Options.compaction_options_fifo.max_table_files_size: 1073741824
2018/12/16-06:52:27.094880 7ffb862f7700 Options.compaction_options_fifo.allow_compaction: 0
2018/12/16-06:52:27.094881 7ffb862f7700 Options.compaction_options_fifo.ttl: 0
2018/12/16-06:52:27.094882 7ffb862f7700                   Options.table_properties_collectors: 
2018/12/16-06:52:27.094883 7ffb862f7700                   Options.inplace_update_support: 0
2018/12/16-06:52:27.094884 7ffb862f7700                 Options.inplace_update_num_locks: 10000
2018/12/16-06:52:27.094886 7ffb862f7700               Options.memtable_prefix_bloom_size_ratio: 0.000000
2018/12/16-06:52:27.094887 7ffb862f7700   Options.memtable_huge_page_size: 0
2018/12/16-06:52:27.094889 7ffb862f7700                           Options.bloom_locality: 0
2018/12/16-06:52:27.094890 7ffb862f7700                    Options.max_successive_merges: 0
2018/12/16-06:52:27.094891 7ffb862f7700                Options.optimize_filters_for_hits: 0
2018/12/16-06:52:27.094892 7ffb862f7700                Options.paranoid_file_checks: 0
2018/12/16-06:52:27.094893 7ffb862f7700                Options.force_consistency_checks: 0
2018/12/16-06:52:27.094894 7ffb862f7700                Options.report_bg_io_stats: 0
2018/12/16-06:52:27.094895 7ffb862f7700                               Options.ttl: 0
2018/12/16-06:52:27.095386 7ffb862f7700 [db/column_family.cc:475] --------------- Options for column family [usertable]:
2018/12/16-06:52:27.095391 7ffb862f7700               Options.comparator: leveldb.BytewiseComparator
2018/12/16-06:52:27.095392 7ffb862f7700           Options.merge_operator: None
2018/12/16-06:52:27.095394 7ffb862f7700        Options.compaction_filter: None
2018/12/16-06:52:27.095395 7ffb862f7700        Options.compaction_filter_factory: None
2018/12/16-06:52:27.095396 7ffb862f7700         Options.memtable_factory: SkipListFactory
2018/12/16-06:52:27.095397 7ffb862f7700            Options.table_factory: BlockBasedTable
2018/12/16-06:52:27.095423 7ffb862f7700            table_factory options:   flush_block_policy_factory: FlushBlockBySizePolicyFactory (0x7ffaec375b80)
  cache_index_and_filter_blocks: 0
  cache_index_and_filter_blocks_with_high_priority: 0
  pin_l0_filter_and_index_blocks_in_cache: 0
  index_type: 0
  hash_index_allow_collision: 1
  checksum: 1
  no_block_cache: 0
  block_cache: 0x7ffaec376620
  block_cache_name: LRUCache
  block_cache_options:
    capacity : 8388608
    num_shard_bits : 4
    strict_capacity_limit : 0
    high_pri_pool_ratio: 0.000
  block_cache_compressed: (nil)
  persistent_cache: (nil)
  block_size: 8192
  block_size_deviation: 10
  block_restart_interval: 16
  index_block_restart_interval: 1
  metadata_block_size: 4096
  partition_filters: 0
  use_delta_encoding: 1
  filter_policy: nullptr
  whole_key_filtering: 1
  verify_compression: 0
  read_amp_bytes_per_bit: 0
  format_version: 2
  enable_index_compression: 1
  block_align: 0
2018/12/16-06:52:27.095436 7ffb862f7700        Options.write_buffer_size: 134217728
2018/12/16-06:52:27.095438 7ffb862f7700  Options.max_write_buffer_number: 24
2018/12/16-06:52:27.095439 7ffb862f7700        Options.compression[0]: NoCompression
2018/12/16-06:52:27.095440 7ffb862f7700        Options.compression[1]: NoCompression
2018/12/16-06:52:27.095442 7ffb862f7700        Options.compression[2]: LZ4
2018/12/16-06:52:27.095443 7ffb862f7700        Options.compression[3]: LZ4
2018/12/16-06:52:27.095444 7ffb862f7700        Options.compression[4]: LZ4
2018/12/16-06:52:27.095445 7ffb862f7700        Options.compression[5]: LZ4
2018/12/16-06:52:27.095446 7ffb862f7700        Options.compression[6]: LZ4
2018/12/16-06:52:27.095447 7ffb862f7700                  Options.bottommost_compression: Disabled
2018/12/16-06:52:27.095448 7ffb862f7700       Options.prefix_extractor: nullptr
2018/12/16-06:52:27.095450 7ffb862f7700   Options.memtable_insert_with_hint_prefix_extractor: nullptr
2018/12/16-06:52:27.095451 7ffb862f7700             Options.num_levels: 7
2018/12/16-06:52:27.095452 7ffb862f7700        Options.min_write_buffer_number_to_merge: 2
2018/12/16-06:52:27.095453 7ffb862f7700     Options.max_write_buffer_number_to_maintain: 0
2018/12/16-06:52:27.095454 7ffb862f7700            Options.compression_opts.window_bits: -14
2018/12/16-06:52:27.095455 7ffb862f7700                  Options.compression_opts.level: -1
2018/12/16-06:52:27.095456 7ffb862f7700               Options.compression_opts.strategy: 0
2018/12/16-06:52:27.095457 7ffb862f7700         Options.compression_opts.max_dict_bytes: 0
2018/12/16-06:52:27.095458 7ffb862f7700         Options.compression_opts.zstd_max_train_bytes: 0
2018/12/16-06:52:27.095460 7ffb862f7700      Options.level0_file_num_compaction_trigger: 2
2018/12/16-06:52:27.095461 7ffb862f7700          Options.level0_slowdown_writes_trigger: 20
2018/12/16-06:52:27.095462 7ffb862f7700              Options.level0_stop_writes_trigger: 36
2018/12/16-06:52:27.095463 7ffb862f7700                   Options.target_file_size_base: 67108864
2018/12/16-06:52:27.095464 7ffb862f7700             Options.target_file_size_multiplier: 1
2018/12/16-06:52:27.095465 7ffb862f7700                Options.max_bytes_for_level_base: 536870912
2018/12/16-06:52:27.095466 7ffb862f7700 Options.level_compaction_dynamic_level_bytes: 0
2018/12/16-06:52:27.095467 7ffb862f7700          Options.max_bytes_for_level_multiplier: 10.000000
2018/12/16-06:52:27.095470 7ffb862f7700 Options.max_bytes_for_level_multiplier_addtl[0]: 1
2018/12/16-06:52:27.095471 7ffb862f7700 Options.max_bytes_for_level_multiplier_addtl[1]: 1
2018/12/16-06:52:27.095472 7ffb862f7700 Options.max_bytes_for_level_multiplier_addtl[2]: 1
2018/12/16-06:52:27.095473 7ffb862f7700 Options.max_bytes_for_level_multiplier_addtl[3]: 1
2018/12/16-06:52:27.095474 7ffb862f7700 Options.max_bytes_for_level_multiplier_addtl[4]: 1
2018/12/16-06:52:27.095475 7ffb862f7700 Options.max_bytes_for_level_multiplier_addtl[5]: 1
2018/12/16-06:52:27.095476 7ffb862f7700 Options.max_bytes_for_level_multiplier_addtl[6]: 1
2018/12/16-06:52:27.095478 7ffb862f7700       Options.max_sequential_skip_in_iterations: 8
2018/12/16-06:52:27.095479 7ffb862f7700                    Options.max_compaction_bytes: 1677721600
2018/12/16-06:52:27.095480 7ffb862f7700                        Options.arena_block_size: 16777216
2018/12/16-06:52:27.095481 7ffb862f7700   Options.soft_pending_compaction_bytes_limit: 68719476736
2018/12/16-06:52:27.095482 7ffb862f7700   Options.hard_pending_compaction_bytes_limit: 274877906944
2018/12/16-06:52:27.095483 7ffb862f7700       Options.rate_limit_delay_max_milliseconds: 100
2018/12/16-06:52:27.095484 7ffb862f7700                Options.disable_auto_compactions: 0
2018/12/16-06:52:27.095486 7ffb862f7700                        Options.compaction_style: kCompactionStyleLevel
2018/12/16-06:52:27.095493 7ffb862f7700                          Options.compaction_pri: kByCompensatedSize
2018/12/16-06:52:27.095495 7ffb862f7700 Options.compaction_options_universal.size_ratio: 1
2018/12/16-06:52:27.095496 7ffb862f7700 Options.compaction_options_universal.min_merge_width: 2
2018/12/16-06:52:27.095497 7ffb862f7700 Options.compaction_options_universal.max_merge_width: 4294967295
2018/12/16-06:52:27.095499 7ffb862f7700 Options.compaction_options_universal.max_size_amplification_percent: 200
2018/12/16-06:52:27.095500 7ffb862f7700 Options.compaction_options_universal.compression_size_percent: -1
2018/12/16-06:52:27.095501 7ffb862f7700 Options.compaction_options_universal.stop_style: kCompactionStopStyleTotalSize
2018/12/16-06:52:27.095502 7ffb862f7700 Options.compaction_options_fifo.max_table_files_size: 1073741824
2018/12/16-06:52:27.095504 7ffb862f7700 Options.compaction_options_fifo.allow_compaction: 0
2018/12/16-06:52:27.095505 7ffb862f7700 Options.compaction_options_fifo.ttl: 0
2018/12/16-06:52:27.095506 7ffb862f7700                   Options.table_properties_collectors: 
2018/12/16-06:52:27.095507 7ffb862f7700                   Options.inplace_update_support: 0
2018/12/16-06:52:27.095508 7ffb862f7700                 Options.inplace_update_num_locks: 10000
2018/12/16-06:52:27.095509 7ffb862f7700               Options.memtable_prefix_bloom_size_ratio: 0.000000
2018/12/16-06:52:27.095511 7ffb862f7700   Options.memtable_huge_page_size: 0
2018/12/16-06:52:27.095512 7ffb862f7700                           Options.bloom_locality: 0
2018/12/16-06:52:27.095513 7ffb862f7700                    Options.max_successive_merges: 0
2018/12/16-06:52:27.095514 7ffb862f7700                Options.optimize_filters_for_hits: 0
2018/12/16-06:52:27.095515 7ffb862f7700                Options.paranoid_file_checks: 0
2018/12/16-06:52:27.095516 7ffb862f7700                Options.force_consistency_checks: 0
2018/12/16-06:52:27.095517 7ffb862f7700                Options.report_bg_io_stats: 0
2018/12/16-06:52:27.095519 7ffb862f7700                               Options.ttl: 0
2018/12/16-06:52:27.638362 7ffb862f7700 [db/version_set.cc:3361] Recovered from manifest file:/mnt/sdb/ycsb-rocksdb-data/MANIFEST-000004 succeeded,manifest_file_number is 4, next_file_number is 1305, last_sequence is 10414880, log_number is 0,prev_log_number is 0,max_column_family is 1,min_log_number_to_keep is 0
2018/12/16-06:52:27.638376 7ffb862f7700 [db/version_set.cc:3369] Column family [default] (ID 0), log number is 0
2018/12/16-06:52:27.638378 7ffb862f7700 [db/version_set.cc:3369] Column family [usertable] (ID 1), log number is 1298
2018/12/16-06:52:27.640532 7ffb862f7700 EVENT_LOG_v1 {"time_micros": 1544971947640520, "job": 1, "event": "recovery_started", "log_files": [1298, 1301, 1304]}
2018/12/16-06:52:27.640540 7ffb862f7700 [db/db_impl_open.cc:551] Recovering log #1298 mode 2
2018/12/16-06:52:27.922604 7ffb862f7700 [db/db_impl_open.cc:551] Recovering log #1301 mode 2
2018/12/16-06:52:28.535764 7ffb862f7700 EVENT_LOG_v1 {"time_micros": 1544971948535742, "cf_name": "usertable", "job": 1, "event": "table_file_creation", "file_number": 1305, "file_size": 129902324, "table_properties": {"data_size": 129321395, "index_size": 580007, "filter_size": 0, "raw_key_size": 752760, "raw_average_key_size": 24, "raw_value_size": 128471040, "raw_average_value_size": 4096, "num_data_blocks": 15683, "num_entries": 31365, "filter_policy_name": "", "kDeletedKeys": "0", "kMergeOperands": "0"}}
2018/12/16-06:52:29.059030 7ffb862f7700 [db/db_impl_open.cc:551] Recovering log #1304 mode 2
2018/12/16-06:52:31.608617 7ffb862f7700 EVENT_LOG_v1 {"time_micros": 1544971951608595, "cf_name": "usertable", "job": 1, "event": "table_file_creation", "file_number": 1306, "file_size": 129895354, "table_properties": {"data_size": 129317909, "index_size": 576523, "filter_size": 0, "raw_key_size": 752760, "raw_average_key_size": 24, "raw_value_size": 128471040, "raw_average_value_size": 4096, "num_data_blocks": 15683, "num_entries": 31365, "filter_policy_name": "", "kDeletedKeys": "0", "kMergeOperands": "0"}}
2018/12/16-06:52:31.624803 7ffb862f7700 [db/version_set.cc:2847] Creating manifest 1307
2018/12/16-06:52:31.738350 7ffb862f7700 EVENT_LOG_v1 {"time_micros": 1544971951738321, "cf_name": "usertable", "job": 1, "event": "table_file_creation", "file_number": 1308, "file_size": 5848611, "table_properties": {"data_size": 5821832, "index_size": 25858, "filter_size": 0, "raw_key_size": 33888, "raw_average_key_size": 24, "raw_value_size": 5783552, "raw_average_value_size": 4096, "num_data_blocks": 706, "num_entries": 1412, "filter_policy_name": "", "kDeletedKeys": "0", "kMergeOperands": "0"}}
2018/12/16-06:52:31.768455 7ffb862f7700 EVENT_LOG_v1 {"time_micros": 1544971951768451, "job": 1, "event": "recovery_finished"}
2018/12/16-06:52:31.768666 7ffb862f7700 [db/column_family.cc:837] [usertable] Increasing compaction threads because we have 4 level-0 files 
2018/12/16-06:52:31.837823 7ffb862f7700 [db/db_impl_open.cc:1219] DB pointer 0x7ffaec3c4cc0
2018/12/16-06:52:31.838165 7ffb8495e700 [WARN] [db/db_impl.cc:491] ------- DUMPING STATS -------
2018/12/16-06:52:31.838215 7ffb8495e700 [WARN] [db/db_impl.cc:492] 
** DB Stats **
Uptime(secs): 4.7 total, 4.7 interval
Cumulative writes: 0 writes, 0 keys, 0 commit groups, 0.0 writes per commit group, ingest: 0.00 GB, 0.00 MB/s
Cumulative WAL: 0 writes, 0 syncs, 0.00 writes per sync, written: 0.00 GB, 0.00 MB/s
Cumulative stall: 00:00:0.000 H:M:S, 0.0 percent
Interval writes: 0 writes, 0 keys, 0 commit groups, 0.0 writes per commit group, ingest: 0.00 MB, 0.00 MB/s
Interval WAL: 0 writes, 0 syncs, 0.00 writes per sync, written: 0.00 MB, 0.00 MB/s
Interval stall: 00:00:0.000 H:M:S, 0.0 percent

** Compaction Stats [default] **
Level    Files   Size     Score Read(GB)  Rn(GB) Rnp1(GB) Write(GB) Wnew(GB) Moved(GB) W-Amp Rd(MB/s) Wr(MB/s) Comp(sec) Comp(cnt) Avg(sec) KeyIn KeyDrop
----------------------------------------------------------------------------------------------------------------------------------------------------------
 Sum      0/0    0.00 KB   0.0      0.0     0.0      0.0       0.0      0.0       0.0   0.0      0.0      0.0         0         0    0.000       0      0
 Int      0/0    0.00 KB   0.0      0.0     0.0      0.0       0.0      0.0       0.0   0.0      0.0      0.0         0         0    0.000       0      0
Uptime(secs): 4.7 total, 4.7 interval
Flush(GB): cumulative 0.000, interval 0.000
AddFile(GB): cumulative 0.000, interval 0.000
AddFile(Total Files): cumulative 0, interval 0
AddFile(L0 Files): cumulative 0, interval 0
AddFile(Keys): cumulative 0, interval 0
Cumulative compaction: 0.00 GB write, 0.00 MB/s write, 0.00 GB read, 0.00 MB/s read, 0.0 seconds
Interval compaction: 0.00 GB write, 0.00 MB/s write, 0.00 GB read, 0.00 MB/s read, 0.0 seconds
Stalls(count): 0 level0_slowdown, 0 level0_slowdown_with_compaction, 0 level0_numfiles, 0 level0_numfiles_with_compaction, 0 stop for pending_compaction_bytes, 0 slowdown for pending_compaction_bytes, 0 memtable_compaction, 0 memtable_slowdown, interval 0 total count

** File Read Latency Histogram By Level [default] **

** Compaction Stats [usertable] **
Level    Files   Size     Score Read(GB)  Rn(GB) Rnp1(GB) Write(GB) Wnew(GB) Moved(GB) W-Amp Rd(MB/s) Wr(MB/s) Comp(sec) Comp(cnt) Avg(sec) KeyIn KeyDrop
----------------------------------------------------------------------------------------------------------------------------------------------------------
  L0      4/0   445.32 MB   2.0      0.0     0.0      0.0       0.2      0.2       0.0   1.0      0.0     93.9         3         3    0.900       0      0
  L1      2/0   383.95 MB   0.7      0.0     0.0      0.0       0.0      0.0       0.0   0.0      0.0      0.0         0         0    0.000       0      0
  L2    110/0    4.95 GB   1.0      0.0     0.0      0.0       0.0      0.0       0.0   0.0      0.0      0.0         0         0    0.000       0      0
  L3    551/0   34.42 GB   0.7      0.0     0.0      0.0       0.0      0.0       0.0   0.0      0.0      0.0         0         0    0.000       0      0
 Sum    667/0   40.18 GB   0.0      0.0     0.0      0.0       0.2      0.2       0.0   1.0      0.0     93.9         3         3    0.900       0      0
 Int      0/0    0.00 KB   0.0      0.0     0.0      0.0       0.2      0.2       0.0   1.0      0.0     93.9         3         3    0.900       0      0
Uptime(secs): 4.7 total, 4.7 interval
Flush(GB): cumulative 0.247, interval 0.247
AddFile(GB): cumulative 0.000, interval 0.000
AddFile(Total Files): cumulative 0, interval 0
AddFile(L0 Files): cumulative 0, interval 0
AddFile(Keys): cumulative 0, interval 0
Cumulative compaction: 0.25 GB write, 53.42 MB/s write, 0.00 GB read, 0.00 MB/s read, 2.7 seconds
Interval compaction: 0.25 GB write, 53.42 MB/s write, 0.00 GB read, 0.00 MB/s read, 2.7 seconds
Stalls(count): 0 level0_slowdown, 0 level0_slowdown_with_compaction, 0 level0_numfiles, 0 level0_numfiles_with_compaction, 0 stop for pending_compaction_bytes, 0 slowdown for pending_compaction_bytes, 0 memtable_compaction, 0 memtable_slowdown, interval 0 total count

** File Read Latency Histogram By Level [usertable] **

** Compaction Stats [default] **
Level    Files   Size     Score Read(GB)  Rn(GB) Rnp1(GB) Write(GB) Wnew(GB) Moved(GB) W-Amp Rd(MB/s) Wr(MB/s) Comp(sec) Comp(cnt) Avg(sec) KeyIn KeyDrop
----------------------------------------------------------------------------------------------------------------------------------------------------------
 Sum      0/0    0.00 KB   0.0      0.0     0.0      0.0       0.0      0.0       0.0   0.0      0.0      0.0         0         0    0.000       0      0
 Int      0/0    0.00 KB   0.0      0.0     0.0      0.0       0.0      0.0       0.0   0.0      0.0      0.0         0         0    0.000       0      0
Uptime(secs): 4.7 total, 0.0 interval
Flush(GB): cumulative 0.000, interval 0.000
AddFile(GB): cumulative 0.000, interval 0.000
AddFile(Total Files): cumulative 0, interval 0
AddFile(L0 Files): cumulative 0, interval 0
AddFile(Keys): cumulative 0, interval 0
Cumulative compaction: 0.00 GB write, 0.00 MB/s write, 0.00 GB read, 0.00 MB/s read, 0.0 seconds
Interval compaction: 0.00 GB write, 0.00 MB/s write, 0.00 GB read, 0.00 MB/s read, 0.0 seconds
Stalls(count): 0 level0_slowdown, 0 level0_slowdown_with_compaction, 0 level0_numfiles, 0 level0_numfiles_with_compaction, 0 stop for pending_compaction_bytes, 0 slowdown for pending_compaction_bytes, 0 memtable_compaction, 0 memtable_slowdown, interval 0 total count

** File Read Latency Histogram By Level [default] **

** Compaction Stats [usertable] **
Level    Files   Size     Score Read(GB)  Rn(GB) Rnp1(GB) Write(GB) Wnew(GB) Moved(GB) W-Amp Rd(MB/s) Wr(MB/s) Comp(sec) Comp(cnt) Avg(sec) KeyIn KeyDrop
----------------------------------------------------------------------------------------------------------------------------------------------------------
  L0      4/0   445.32 MB   2.0      0.0     0.0      0.0       0.2      0.2       0.0   1.0      0.0     93.9         3         3    0.900       0      0
  L1      2/0   383.95 MB   0.7      0.0     0.0      0.0       0.0      0.0       0.0   0.0      0.0      0.0         0         0    0.000       0      0
  L2    110/0    4.95 GB   1.0      0.0     0.0      0.0       0.0      0.0       0.0   0.0      0.0      0.0         0         0    0.000       0      0
  L3    551/0   34.42 GB   0.7      0.0     0.0      0.0       0.0      0.0       0.0   0.0      0.0      0.0         0         0    0.000       0      0
 Sum    667/0   40.18 GB   0.0      0.0     0.0      0.0       0.2      0.2       0.0   1.0      0.0     93.9         3         3    0.900       0      0
 Int      0/0    0.00 KB   0.0      0.0     0.0      0.0       0.0      0.0       0.0   0.0      0.0      0.0         0         0    0.000       0      0
Uptime(secs): 4.7 total, 0.0 interval
Flush(GB): cumulative 0.247, interval 0.000
AddFile(GB): cumulative 0.000, interval 0.000
AddFile(Total Files): cumulative 0, interval 0
AddFile(L0 Files): cumulative 0, interval 0
AddFile(Keys): cumulative 0, interval 0
Cumulative compaction: 0.25 GB write, 53.42 MB/s write, 0.00 GB read, 0.00 MB/s read, 2.7 seconds
Interval compaction: 0.00 GB write, 0.00 MB/s write, 0.00 GB read, 0.00 MB/s read, 0.0 seconds
Stalls(count): 0 level0_slowdown, 0 level0_slowdown_with_compaction, 0 level0_numfiles, 0 level0_numfiles_with_compaction, 0 stop for pending_compaction_bytes, 0 slowdown for pending_compaction_bytes, 0 memtable_compaction, 0 memtable_slowdown, interval 0 total count

** File Read Latency Histogram By Level [usertable] **
2018/12/16-06:52:31.838448 7ffb77fff700 (Original Log Time 2018/12/16-06:52:31.838424) [db/db_impl_compaction_flush.cc:1781] Compaction nothing to do
2018/12/16-06:52:31.869807 7ffb8495e700 (Original Log Time 2018/12/16-06:52:31.838367) [db/db_impl_compaction_flush.cc:1835] [usertable] Moving #439 to level-1 201301185 bytes
2018/12/16-06:52:31.869811 7ffb8495e700 (Original Log Time 2018/12/16-06:52:31.869738) EVENT_LOG_v1 {"time_micros": 1544971951869728, "job": 3, "event": "trivial_move", "destination_level": 1, "files": 1, "total_files_size": 201301185}
2018/12/16-06:52:31.869813 7ffb8495e700 (Original Log Time 2018/12/16-06:52:31.869755) [db/db_impl_compaction_flush.cc:1864] [usertable] Moved #1 files to level-1 201301185 bytes OK: base level 1 max bytes base 536870912 files[3 3 110 551 0 0 0] max score 1.50
2018/12/16-06:52:31.902226 7ffb8495e700 (Original Log Time 2018/12/16-06:52:31.869862) [db/db_impl_compaction_flush.cc:1835] [usertable] Moving #1305 to level-1 129902324 bytes
2018/12/16-06:52:31.902230 7ffb8495e700 (Original Log Time 2018/12/16-06:52:31.902181) EVENT_LOG_v1 {"time_micros": 1544971951902178, "job": 5, "event": "trivial_move", "destination_level": 1, "files": 1, "total_files_size": 129902324}
2018/12/16-06:52:31.902232 7ffb8495e700 (Original Log Time 2018/12/16-06:52:31.902188) [db/db_impl_compaction_flush.cc:1864] [usertable] Moved #1 files to level-1 129902324 bytes OK: base level 1 max bytes base 536870912 files[2 4 110 551 0 0 0] max score 1.37
2018/12/16-06:52:31.902412 7ffb8495e700 [db/compaction_job.cc:1531] [usertable] [JOB 6] Compacting 1@1 files to L2, score 1.37
2018/12/16-06:52:31.902420 7ffb8495e700 [db/compaction_job.cc:1535] [usertable] Compaction start summary: Base version 7 Base level 1, inputs: [1269(191MB)]
2018/12/16-06:52:31.902451 7ffb8495e700 EVENT_LOG_v1 {"time_micros": 1544971951902426, "job": 6, "event": "compaction_started", "compaction_reason": "LevelMaxLevelSize", "files_L1": [1269], "score": 1.36682, "input_data_size": 201301186}
2018/12/16-06:52:32.749563 7ffb8495e700 [db/compaction_job.cc:1211] [usertable] [JOB 6] Generated table #1312: 16279 keys, 67233395 bytes
2018/12/16-06:52:32.749604 7ffb8495e700 EVENT_LOG_v1 {"time_micros": 1544971952749589, "cf_name": "usertable", "job": 6, "event": "table_file_creation", "file_number": 1312, "file_size": 67233395, "table_properties": {"data_size": 67118331, "index_size": 299107, "filter_size": 0, "raw_key_size": 390696, "raw_average_key_size": 24, "raw_value_size": 66678784, "raw_average_value_size": 4096, "num_data_blocks": 8140, "num_entries": 16279, "filter_policy_name": "", "kDeletedKeys": "0", "kMergeOperands": "0"}}
2018/12/16-06:52:34.253329 7ffb8495e700 [db/compaction_job.cc:1211] [usertable] [JOB 6] Generated table #1313: 16279 keys, 67233534 bytes
2018/12/16-06:52:34.253375 7ffb8495e700 EVENT_LOG_v1 {"time_micros": 1544971954253351, "cf_name": "usertable", "job": 6, "event": "table_file_creation", "file_number": 1313, "file_size": 67233534, "table_properties": {"data_size": 67120140, "index_size": 300916, "filter_size": 0, "raw_key_size": 390696, "raw_average_key_size": 24, "raw_value_size": 66678784, "raw_average_value_size": 4096, "num_data_blocks": 8140, "num_entries": 16279, "filter_policy_name": "", "kDeletedKeys": "0", "kMergeOperands": "0"}}
2018/12/16-06:52:35.761517 7ffb8495e700 [db/compaction_job.cc:1211] [usertable] [JOB 6] Generated table #1314: 16049 keys, 66283454 bytes
2018/12/16-06:52:35.761581 7ffb8495e700 EVENT_LOG_v1 {"time_micros": 1544971955761560, "cf_name": "usertable", "job": 6, "event": "table_file_creation", "file_number": 1314, "file_size": 66283454, "table_properties": {"data_size": 66170041, "index_size": 294879, "filter_size": 0, "raw_key_size": 385176, "raw_average_key_size": 24, "raw_value_size": 65736704, "raw_average_value_size": 4096, "num_data_blocks": 8025, "num_entries": 16049, "filter_policy_name": "", "kDeletedKeys": "0", "kMergeOperands": "0"}}
2018/12/16-06:52:35.761664 7ffb8495e700 [db/compaction_job.cc:1287] [usertable] [JOB 6] Compacted 1@1 files to L2 => 200750383 bytes
2018/12/16-06:52:35.793806 7ffb8495e700 (Original Log Time 2018/12/16-06:52:35.793693) [db/compaction_job.cc:685] [usertable] compacted to: base level 1 max bytes base 536870912 files[2 3 113 551 0 0 0] max score 1.03, MB/sec: 52.2 rd, 52.0 wr, level 2, files in(1, 0) out(3) MB in(192.0, 0.0) out(191.5), read-write-amplify(2.0) write-amplify(1.0) OK, records in: 48607, records dropped: 0 output_compression: LZ4
2018/12/16-06:52:35.793814 7ffb8495e700 (Original Log Time 2018/12/16-06:52:35.793732) EVENT_LOG_v1 {"time_micros": 1544971955793718, "job": 6, "event": "compaction_finished", "compaction_time_micros": 3859158, "output_level": 2, "num_output_files": 3, "total_output_size": 200750383, "num_input_records": 48607, "num_output_records": 48607, "num_subcompactions": 1, "output_compression": "LZ4", "num_single_delete_mismatches": 0, "num_single_delete_fallthrough": 0, "lsm_state": [2, 3, 113, 551, 0, 0, 0]}
2018/12/16-06:52:35.825989 7ffb8495e700 (Original Log Time 2018/12/16-06:52:35.794009) [db/db_impl_compaction_flush.cc:1835] [usertable] Moving #1313 to level-3 67233534 bytes
2018/12/16-06:52:35.825992 7ffb8495e700 (Original Log Time 2018/12/16-06:52:35.825954) EVENT_LOG_v1 {"time_micros": 1544971955825949, "job": 7, "event": "trivial_move", "destination_level": 3, "files": 1, "total_files_size": 67233534}
2018/12/16-06:52:35.825994 7ffb8495e700 (Original Log Time 2018/12/16-06:52:35.825961) [db/db_impl_compaction_flush.cc:1864] [usertable] Moved #1 files to level-3 67233534 bytes OK: base level 1 max bytes base 536870912 files[2 3 112 552 0 0 0] max score 1.02
2018/12/16-06:52:35.843691 7ffb8495e700 EVENT_LOG_v1 {"time_micros": 1544971955843679, "job": 7, "event": "table_file_deletion", "file_number": 1269}
2018/12/16-06:52:35.875743 7ffb75ffb700 (Original Log Time 2018/12/16-06:52:35.843913) [db/db_impl_compaction_flush.cc:1835] [usertable] Moving #1312 to level-3 67233395 bytes
2018/12/16-06:52:35.875749 7ffb75ffb700 (Original Log Time 2018/12/16-06:52:35.875665) EVENT_LOG_v1 {"time_micros": 1544971955875658, "job": 8, "event": "trivial_move", "destination_level": 3, "files": 1, "total_files_size": 67233395}
2018/12/16-06:52:35.875751 7ffb75ffb700 (Original Log Time 2018/12/16-06:52:35.875686) [db/db_impl_compaction_flush.cc:1864] [usertable] Moved #1 files to level-3 67233395 bytes OK: base level 1 max bytes base 536870912 files[2 3 111 553 0 0 0] max score 1.00
