2018/12/16-02:33:48.543512 7f3441cc5700 RocksDB version: 5.14.3
2018/12/16-02:33:48.543577 7f3441cc5700 Git sha rocksdb_build_git_sha:
2018/12/16-02:33:48.543580 7f3441cc5700 Compile date Dec 15 2018
2018/12/16-02:33:48.543584 7f3441cc5700 DB SUMMARY
2018/12/16-02:33:48.544304 7f3441cc5700 CURRENT file:  CURRENT
2018/12/16-02:33:48.544307 7f3441cc5700 IDENTITY file:  IDENTITY
2018/12/16-02:33:48.544318 7f3441cc5700 MANIFEST file:  MANIFEST-000004 size: 127492 Bytes
2018/12/16-02:33:48.544328 7f3441cc5700 SST files in /mnt/sdb/ycsb-rocksdb-data dir, Total Num: 649, files: 000021.sst 000022.sst 000023.sst 000024.sst 000028.sst 000029.sst 000030.sst 000031.sst 000035.sst 
2018/12/16-02:33:48.544330 7f3441cc5700 Write Ahead Log file in /mnt/sdb/ycsb-rocksdb-data: 001271.log size: 100521149 ; 001276.log size: 35838580 ; 
2018/12/16-02:33:48.544336 7f3441cc5700                         Options.error_if_exists: 0
2018/12/16-02:33:48.544337 7f3441cc5700                       Options.create_if_missing: 1
2018/12/16-02:33:48.544338 7f3441cc5700                         Options.paranoid_checks: 1
2018/12/16-02:33:48.544339 7f3441cc5700                                     Options.env: 0x7f3414ff72c0
2018/12/16-02:33:48.544340 7f3441cc5700                                Options.info_log: 0x7f33883c3040
2018/12/16-02:33:48.544341 7f3441cc5700                Options.max_file_opening_threads: 16
2018/12/16-02:33:48.544342 7f3441cc5700                              Options.statistics: (nil)
2018/12/16-02:33:48.544344 7f3441cc5700                               Options.use_fsync: 0
2018/12/16-02:33:48.544345 7f3441cc5700                       Options.max_log_file_size: 0
2018/12/16-02:33:48.544346 7f3441cc5700                  Options.max_manifest_file_size: 18446744073709551615
2018/12/16-02:33:48.544347 7f3441cc5700                   Options.log_file_time_to_roll: 0
2018/12/16-02:33:48.544348 7f3441cc5700                       Options.keep_log_file_num: 1000
2018/12/16-02:33:48.544349 7f3441cc5700                    Options.recycle_log_file_num: 0
2018/12/16-02:33:48.544350 7f3441cc5700                         Options.allow_fallocate: 1
2018/12/16-02:33:48.544351 7f3441cc5700                        Options.allow_mmap_reads: 0
2018/12/16-02:33:48.544352 7f3441cc5700                       Options.allow_mmap_writes: 0
2018/12/16-02:33:48.544352 7f3441cc5700                        Options.use_direct_reads: 0
2018/12/16-02:33:48.544353 7f3441cc5700                        Options.use_direct_io_for_flush_and_compaction: 0
2018/12/16-02:33:48.544354 7f3441cc5700          Options.create_missing_column_families: 1
2018/12/16-02:33:48.544355 7f3441cc5700                              Options.db_log_dir: 
2018/12/16-02:33:48.544356 7f3441cc5700                                 Options.wal_dir: /mnt/sdb/ycsb-rocksdb-data
2018/12/16-02:33:48.544358 7f3441cc5700                Options.table_cache_numshardbits: 6
2018/12/16-02:33:48.544358 7f3441cc5700                      Options.max_subcompactions: 4
2018/12/16-02:33:48.544360 7f3441cc5700                  Options.max_background_flushes: 24
2018/12/16-02:33:48.544360 7f3441cc5700                         Options.WAL_ttl_seconds: 0
2018/12/16-02:33:48.544361 7f3441cc5700                       Options.WAL_size_limit_MB: 0
2018/12/16-02:33:48.544362 7f3441cc5700             Options.manifest_preallocation_size: 4194304
2018/12/16-02:33:48.544363 7f3441cc5700                     Options.is_fd_close_on_exec: 1
2018/12/16-02:33:48.544364 7f3441cc5700                   Options.advise_random_on_open: 1
2018/12/16-02:33:48.544366 7f3441cc5700                    Options.db_write_buffer_size: 0
2018/12/16-02:33:48.544366 7f3441cc5700                    Options.write_buffer_manager: 0x7f33883bfe10
2018/12/16-02:33:48.544367 7f3441cc5700         Options.access_hint_on_compaction_start: 1
2018/12/16-02:33:48.544368 7f3441cc5700  Options.new_table_reader_for_compaction_inputs: 0
2018/12/16-02:33:48.544369 7f3441cc5700           Options.random_access_max_buffer_size: 1048576
2018/12/16-02:33:48.544371 7f3441cc5700                      Options.use_adaptive_mutex: 0
2018/12/16-02:33:48.544371 7f3441cc5700                            Options.rate_limiter: (nil)
2018/12/16-02:33:48.544385 7f3441cc5700     Options.sst_file_manager.rate_bytes_per_sec: 0
2018/12/16-02:33:48.544387 7f3441cc5700                       Options.wal_recovery_mode: 2
2018/12/16-02:33:48.544388 7f3441cc5700                  Options.enable_thread_tracking: 0
2018/12/16-02:33:48.544389 7f3441cc5700                  Options.enable_pipelined_write: 1
2018/12/16-02:33:48.544390 7f3441cc5700         Options.allow_concurrent_memtable_write: 1
2018/12/16-02:33:48.544391 7f3441cc5700      Options.enable_write_thread_adaptive_yield: 1
2018/12/16-02:33:48.544392 7f3441cc5700             Options.write_thread_max_yield_usec: 100
2018/12/16-02:33:48.544393 7f3441cc5700            Options.write_thread_slow_yield_usec: 3
2018/12/16-02:33:48.544394 7f3441cc5700                               Options.row_cache: None
2018/12/16-02:33:48.544395 7f3441cc5700                              Options.wal_filter: None
2018/12/16-02:33:48.544396 7f3441cc5700             Options.avoid_flush_during_recovery: 0
2018/12/16-02:33:48.544397 7f3441cc5700             Options.allow_ingest_behind: 0
2018/12/16-02:33:48.544398 7f3441cc5700             Options.preserve_deletes: 0
2018/12/16-02:33:48.544399 7f3441cc5700             Options.two_write_queues: 0
2018/12/16-02:33:48.544400 7f3441cc5700             Options.manual_wal_flush: 0
2018/12/16-02:33:48.544402 7f3441cc5700             Options.max_background_jobs: 24
2018/12/16-02:33:48.544403 7f3441cc5700             Options.max_background_compactions: 24
2018/12/16-02:33:48.544404 7f3441cc5700             Options.avoid_flush_during_shutdown: 0
2018/12/16-02:33:48.544405 7f3441cc5700           Options.writable_file_max_buffer_size: 1048576
2018/12/16-02:33:48.544406 7f3441cc5700             Options.delayed_write_rate : 16777216
2018/12/16-02:33:48.544407 7f3441cc5700             Options.max_total_wal_size: 0
2018/12/16-02:33:48.544408 7f3441cc5700             Options.delete_obsolete_files_period_micros: 21600000000
2018/12/16-02:33:48.544409 7f3441cc5700                   Options.stats_dump_period_sec: 60
2018/12/16-02:33:48.544410 7f3441cc5700                          Options.max_open_files: -1
2018/12/16-02:33:48.544411 7f3441cc5700                          Options.bytes_per_sync: 1048576
2018/12/16-02:33:48.544412 7f3441cc5700                      Options.wal_bytes_per_sync: 0
2018/12/16-02:33:48.544413 7f3441cc5700       Options.compaction_readahead_size: 0
2018/12/16-02:33:48.544414 7f3441cc5700 Compression algorithms supported:
2018/12/16-02:33:48.544416 7f3441cc5700 	kZSTDNotFinalCompression supported: 1
2018/12/16-02:33:48.544423 7f3441cc5700 	kZSTD supported: 1
2018/12/16-02:33:48.544425 7f3441cc5700 	kXpressCompression supported: 0
2018/12/16-02:33:48.544426 7f3441cc5700 	kLZ4HCCompression supported: 1
2018/12/16-02:33:48.544427 7f3441cc5700 	kLZ4Compression supported: 1
2018/12/16-02:33:48.544428 7f3441cc5700 	kBZip2Compression supported: 1
2018/12/16-02:33:48.544430 7f3441cc5700 	kZlibCompression supported: 1
2018/12/16-02:33:48.544431 7f3441cc5700 	kSnappyCompression supported: 1
2018/12/16-02:33:48.544436 7f3441cc5700 Fast CRC32 supported: Supported on x86
2018/12/16-02:33:48.544922 7f3441cc5700 [db/version_set.cc:3085] Recovering from manifest file: MANIFEST-000004
2018/12/16-02:33:48.545020 7f3441cc5700 [db/column_family.cc:475] --------------- Options for column family [default]:
2018/12/16-02:33:48.545024 7f3441cc5700               Options.comparator: leveldb.BytewiseComparator
2018/12/16-02:33:48.545025 7f3441cc5700           Options.merge_operator: None
2018/12/16-02:33:48.545026 7f3441cc5700        Options.compaction_filter: None
2018/12/16-02:33:48.545027 7f3441cc5700        Options.compaction_filter_factory: None
2018/12/16-02:33:48.545028 7f3441cc5700         Options.memtable_factory: SkipListFactory
2018/12/16-02:33:48.545029 7f3441cc5700            Options.table_factory: BlockBasedTable
2018/12/16-02:33:48.545055 7f3441cc5700            table_factory options:   flush_block_policy_factory: FlushBlockBySizePolicyFactory (0x7f338837c5c0)
  cache_index_and_filter_blocks: 0
  cache_index_and_filter_blocks_with_high_priority: 0
  pin_l0_filter_and_index_blocks_in_cache: 0
  index_type: 0
  hash_index_allow_collision: 1
  checksum: 1
  no_block_cache: 0
  block_cache: 0x7f3388388640
  block_cache_name: LRUCache
  block_cache_options:
    capacity : 8388608
    num_shard_bits : 4
    strict_capacity_limit : 0
    high_pri_pool_ratio: 0.000
  block_cache_compressed: (nil)
  persistent_cache: (nil)
  block_size: 8192
  block_size_deviation: 10
  block_restart_interval: 16
  index_block_restart_interval: 1
  metadata_block_size: 4096
  partition_filters: 0
  use_delta_encoding: 1
  filter_policy: nullptr
  whole_key_filtering: 1
  verify_compression: 0
  read_amp_bytes_per_bit: 0
  format_version: 2
  enable_index_compression: 1
  block_align: 0
2018/12/16-02:33:48.545068 7f3441cc5700        Options.write_buffer_size: 134217728
2018/12/16-02:33:48.545069 7f3441cc5700  Options.max_write_buffer_number: 24
2018/12/16-02:33:48.545071 7f3441cc5700        Options.compression[0]: NoCompression
2018/12/16-02:33:48.545072 7f3441cc5700        Options.compression[1]: NoCompression
2018/12/16-02:33:48.545073 7f3441cc5700        Options.compression[2]: LZ4
2018/12/16-02:33:48.545074 7f3441cc5700        Options.compression[3]: LZ4
2018/12/16-02:33:48.545075 7f3441cc5700        Options.compression[4]: LZ4
2018/12/16-02:33:48.545077 7f3441cc5700        Options.compression[5]: LZ4
2018/12/16-02:33:48.545078 7f3441cc5700        Options.compression[6]: LZ4
2018/12/16-02:33:48.545079 7f3441cc5700                  Options.bottommost_compression: Disabled
2018/12/16-02:33:48.545080 7f3441cc5700       Options.prefix_extractor: nullptr
2018/12/16-02:33:48.545081 7f3441cc5700   Options.memtable_insert_with_hint_prefix_extractor: nullptr
2018/12/16-02:33:48.545082 7f3441cc5700             Options.num_levels: 7
2018/12/16-02:33:48.545083 7f3441cc5700        Options.min_write_buffer_number_to_merge: 2
2018/12/16-02:33:48.545084 7f3441cc5700     Options.max_write_buffer_number_to_maintain: 0
2018/12/16-02:33:48.545085 7f3441cc5700            Options.compression_opts.window_bits: -14
2018/12/16-02:33:48.545086 7f3441cc5700                  Options.compression_opts.level: -1
2018/12/16-02:33:48.545087 7f3441cc5700               Options.compression_opts.strategy: 0
2018/12/16-02:33:48.545088 7f3441cc5700         Options.compression_opts.max_dict_bytes: 0
2018/12/16-02:33:48.545089 7f3441cc5700         Options.compression_opts.zstd_max_train_bytes: 0
2018/12/16-02:33:48.545090 7f3441cc5700      Options.level0_file_num_compaction_trigger: 2
2018/12/16-02:33:48.545091 7f3441cc5700          Options.level0_slowdown_writes_trigger: 20
2018/12/16-02:33:48.545092 7f3441cc5700              Options.level0_stop_writes_trigger: 36
2018/12/16-02:33:48.545093 7f3441cc5700                   Options.target_file_size_base: 67108864
2018/12/16-02:33:48.545094 7f3441cc5700             Options.target_file_size_multiplier: 1
2018/12/16-02:33:48.545095 7f3441cc5700                Options.max_bytes_for_level_base: 536870912
2018/12/16-02:33:48.545096 7f3441cc5700 Options.level_compaction_dynamic_level_bytes: 0
2018/12/16-02:33:48.545097 7f3441cc5700          Options.max_bytes_for_level_multiplier: 10.000000
2018/12/16-02:33:48.545110 7f3441cc5700 Options.max_bytes_for_level_multiplier_addtl[0]: 1
2018/12/16-02:33:48.545112 7f3441cc5700 Options.max_bytes_for_level_multiplier_addtl[1]: 1
2018/12/16-02:33:48.545113 7f3441cc5700 Options.max_bytes_for_level_multiplier_addtl[2]: 1
2018/12/16-02:33:48.545114 7f3441cc5700 Options.max_bytes_for_level_multiplier_addtl[3]: 1
2018/12/16-02:33:48.545115 7f3441cc5700 Options.max_bytes_for_level_multiplier_addtl[4]: 1
2018/12/16-02:33:48.545116 7f3441cc5700 Options.max_bytes_for_level_multiplier_addtl[5]: 1
2018/12/16-02:33:48.545117 7f3441cc5700 Options.max_bytes_for_level_multiplier_addtl[6]: 1
2018/12/16-02:33:48.545118 7f3441cc5700       Options.max_sequential_skip_in_iterations: 8
2018/12/16-02:33:48.545119 7f3441cc5700                    Options.max_compaction_bytes: 1677721600
2018/12/16-02:33:48.545126 7f3441cc5700                        Options.arena_block_size: 16777216
2018/12/16-02:33:48.545127 7f3441cc5700   Options.soft_pending_compaction_bytes_limit: 68719476736
2018/12/16-02:33:48.545128 7f3441cc5700   Options.hard_pending_compaction_bytes_limit: 274877906944
2018/12/16-02:33:48.545129 7f3441cc5700       Options.rate_limit_delay_max_milliseconds: 100
2018/12/16-02:33:48.545130 7f3441cc5700                Options.disable_auto_compactions: 0
2018/12/16-02:33:48.545133 7f3441cc5700                        Options.compaction_style: kCompactionStyleLevel
2018/12/16-02:33:48.545135 7f3441cc5700                          Options.compaction_pri: kByCompensatedSize
2018/12/16-02:33:48.545136 7f3441cc5700 Options.compaction_options_universal.size_ratio: 1
2018/12/16-02:33:48.545137 7f3441cc5700 Options.compaction_options_universal.min_merge_width: 2
2018/12/16-02:33:48.545138 7f3441cc5700 Options.compaction_options_universal.max_merge_width: 4294967295
2018/12/16-02:33:48.545139 7f3441cc5700 Options.compaction_options_universal.max_size_amplification_percent: 200
2018/12/16-02:33:48.545140 7f3441cc5700 Options.compaction_options_universal.compression_size_percent: -1
2018/12/16-02:33:48.545142 7f3441cc5700 Options.compaction_options_universal.stop_style: kCompactionStopStyleTotalSize
2018/12/16-02:33:48.545143 7f3441cc5700 Options.compaction_options_fifo.max_table_files_size: 1073741824
2018/12/16-02:33:48.545144 7f3441cc5700 Options.compaction_options_fifo.allow_compaction: 0
2018/12/16-02:33:48.545145 7f3441cc5700 Options.compaction_options_fifo.ttl: 0
2018/12/16-02:33:48.545146 7f3441cc5700                   Options.table_properties_collectors: 
2018/12/16-02:33:48.545148 7f3441cc5700                   Options.inplace_update_support: 0
2018/12/16-02:33:48.545149 7f3441cc5700                 Options.inplace_update_num_locks: 10000
2018/12/16-02:33:48.545150 7f3441cc5700               Options.memtable_prefix_bloom_size_ratio: 0.000000
2018/12/16-02:33:48.545152 7f3441cc5700   Options.memtable_huge_page_size: 0
2018/12/16-02:33:48.545153 7f3441cc5700                           Options.bloom_locality: 0
2018/12/16-02:33:48.545154 7f3441cc5700                    Options.max_successive_merges: 0
2018/12/16-02:33:48.545155 7f3441cc5700                Options.optimize_filters_for_hits: 0
2018/12/16-02:33:48.545156 7f3441cc5700                Options.paranoid_file_checks: 0
2018/12/16-02:33:48.545157 7f3441cc5700                Options.force_consistency_checks: 0
2018/12/16-02:33:48.545157 7f3441cc5700                Options.report_bg_io_stats: 0
2018/12/16-02:33:48.545158 7f3441cc5700                               Options.ttl: 0
2018/12/16-02:33:48.545646 7f3441cc5700 [db/column_family.cc:475] --------------- Options for column family [usertable]:
2018/12/16-02:33:48.545652 7f3441cc5700               Options.comparator: leveldb.BytewiseComparator
2018/12/16-02:33:48.545654 7f3441cc5700           Options.merge_operator: None
2018/12/16-02:33:48.545656 7f3441cc5700        Options.compaction_filter: None
2018/12/16-02:33:48.545658 7f3441cc5700        Options.compaction_filter_factory: None
2018/12/16-02:33:48.545660 7f3441cc5700         Options.memtable_factory: SkipListFactory
2018/12/16-02:33:48.545662 7f3441cc5700            Options.table_factory: BlockBasedTable
2018/12/16-02:33:48.545701 7f3441cc5700            table_factory options:   flush_block_policy_factory: FlushBlockBySizePolicyFactory (0x7f338837c390)
  cache_index_and_filter_blocks: 0
  cache_index_and_filter_blocks_with_high_priority: 0
  pin_l0_filter_and_index_blocks_in_cache: 0
  index_type: 0
  hash_index_allow_collision: 1
  checksum: 1
  no_block_cache: 0
  block_cache: 0x7f338837be50
  block_cache_name: LRUCache
  block_cache_options:
    capacity : 8388608
    num_shard_bits : 4
    strict_capacity_limit : 0
    high_pri_pool_ratio: 0.000
  block_cache_compressed: (nil)
  persistent_cache: (nil)
  block_size: 8192
  block_size_deviation: 10
  block_restart_interval: 16
  index_block_restart_interval: 1
  metadata_block_size: 4096
  partition_filters: 0
  use_delta_encoding: 1
  filter_policy: nullptr
  whole_key_filtering: 1
  verify_compression: 0
  read_amp_bytes_per_bit: 0
  format_version: 2
  enable_index_compression: 1
  block_align: 0
2018/12/16-02:33:48.545719 7f3441cc5700        Options.write_buffer_size: 134217728
2018/12/16-02:33:48.545722 7f3441cc5700  Options.max_write_buffer_number: 24
2018/12/16-02:33:48.545724 7f3441cc5700        Options.compression[0]: NoCompression
2018/12/16-02:33:48.545726 7f3441cc5700        Options.compression[1]: NoCompression
2018/12/16-02:33:48.545728 7f3441cc5700        Options.compression[2]: LZ4
2018/12/16-02:33:48.545730 7f3441cc5700        Options.compression[3]: LZ4
2018/12/16-02:33:48.545732 7f3441cc5700        Options.compression[4]: LZ4
2018/12/16-02:33:48.545734 7f3441cc5700        Options.compression[5]: LZ4
2018/12/16-02:33:48.545736 7f3441cc5700        Options.compression[6]: LZ4
2018/12/16-02:33:48.545738 7f3441cc5700                  Options.bottommost_compression: Disabled
2018/12/16-02:33:48.545740 7f3441cc5700       Options.prefix_extractor: nullptr
2018/12/16-02:33:48.545742 7f3441cc5700   Options.memtable_insert_with_hint_prefix_extractor: nullptr
2018/12/16-02:33:48.545744 7f3441cc5700             Options.num_levels: 7
2018/12/16-02:33:48.545746 7f3441cc5700        Options.min_write_buffer_number_to_merge: 2
2018/12/16-02:33:48.545748 7f3441cc5700     Options.max_write_buffer_number_to_maintain: 0
2018/12/16-02:33:48.545749 7f3441cc5700            Options.compression_opts.window_bits: -14
2018/12/16-02:33:48.545751 7f3441cc5700                  Options.compression_opts.level: -1
2018/12/16-02:33:48.545753 7f3441cc5700               Options.compression_opts.strategy: 0
2018/12/16-02:33:48.545755 7f3441cc5700         Options.compression_opts.max_dict_bytes: 0
2018/12/16-02:33:48.545756 7f3441cc5700         Options.compression_opts.zstd_max_train_bytes: 0
2018/12/16-02:33:48.545758 7f3441cc5700      Options.level0_file_num_compaction_trigger: 2
2018/12/16-02:33:48.545760 7f3441cc5700          Options.level0_slowdown_writes_trigger: 20
2018/12/16-02:33:48.545762 7f3441cc5700              Options.level0_stop_writes_trigger: 36
2018/12/16-02:33:48.545764 7f3441cc5700                   Options.target_file_size_base: 67108864
2018/12/16-02:33:48.545766 7f3441cc5700             Options.target_file_size_multiplier: 1
2018/12/16-02:33:48.545768 7f3441cc5700                Options.max_bytes_for_level_base: 536870912
2018/12/16-02:33:48.545770 7f3441cc5700 Options.level_compaction_dynamic_level_bytes: 0
2018/12/16-02:33:48.545772 7f3441cc5700          Options.max_bytes_for_level_multiplier: 10.000000
2018/12/16-02:33:48.545776 7f3441cc5700 Options.max_bytes_for_level_multiplier_addtl[0]: 1
2018/12/16-02:33:48.545778 7f3441cc5700 Options.max_bytes_for_level_multiplier_addtl[1]: 1
2018/12/16-02:33:48.545780 7f3441cc5700 Options.max_bytes_for_level_multiplier_addtl[2]: 1
2018/12/16-02:33:48.545782 7f3441cc5700 Options.max_bytes_for_level_multiplier_addtl[3]: 1
2018/12/16-02:33:48.545784 7f3441cc5700 Options.max_bytes_for_level_multiplier_addtl[4]: 1
2018/12/16-02:33:48.545786 7f3441cc5700 Options.max_bytes_for_level_multiplier_addtl[5]: 1
2018/12/16-02:33:48.545788 7f3441cc5700 Options.max_bytes_for_level_multiplier_addtl[6]: 1
2018/12/16-02:33:48.545790 7f3441cc5700       Options.max_sequential_skip_in_iterations: 8
2018/12/16-02:33:48.545792 7f3441cc5700                    Options.max_compaction_bytes: 1677721600
2018/12/16-02:33:48.545794 7f3441cc5700                        Options.arena_block_size: 16777216
2018/12/16-02:33:48.545796 7f3441cc5700   Options.soft_pending_compaction_bytes_limit: 68719476736
2018/12/16-02:33:48.545798 7f3441cc5700   Options.hard_pending_compaction_bytes_limit: 274877906944
2018/12/16-02:33:48.545799 7f3441cc5700       Options.rate_limit_delay_max_milliseconds: 100
2018/12/16-02:33:48.545801 7f3441cc5700                Options.disable_auto_compactions: 0
2018/12/16-02:33:48.545804 7f3441cc5700                        Options.compaction_style: kCompactionStyleLevel
2018/12/16-02:33:48.545819 7f3441cc5700                          Options.compaction_pri: kByCompensatedSize
2018/12/16-02:33:48.545822 7f3441cc5700 Options.compaction_options_universal.size_ratio: 1
2018/12/16-02:33:48.545824 7f3441cc5700 Options.compaction_options_universal.min_merge_width: 2
2018/12/16-02:33:48.545826 7f3441cc5700 Options.compaction_options_universal.max_merge_width: 4294967295
2018/12/16-02:33:48.545828 7f3441cc5700 Options.compaction_options_universal.max_size_amplification_percent: 200
2018/12/16-02:33:48.545830 7f3441cc5700 Options.compaction_options_universal.compression_size_percent: -1
2018/12/16-02:33:48.545832 7f3441cc5700 Options.compaction_options_universal.stop_style: kCompactionStopStyleTotalSize
2018/12/16-02:33:48.545834 7f3441cc5700 Options.compaction_options_fifo.max_table_files_size: 1073741824
2018/12/16-02:33:48.545836 7f3441cc5700 Options.compaction_options_fifo.allow_compaction: 0
2018/12/16-02:33:48.545838 7f3441cc5700 Options.compaction_options_fifo.ttl: 0
2018/12/16-02:33:48.545840 7f3441cc5700                   Options.table_properties_collectors: 
2018/12/16-02:33:48.545842 7f3441cc5700                   Options.inplace_update_support: 0
2018/12/16-02:33:48.545844 7f3441cc5700                 Options.inplace_update_num_locks: 10000
2018/12/16-02:33:48.545846 7f3441cc5700               Options.memtable_prefix_bloom_size_ratio: 0.000000
2018/12/16-02:33:48.545849 7f3441cc5700   Options.memtable_huge_page_size: 0
2018/12/16-02:33:48.545851 7f3441cc5700                           Options.bloom_locality: 0
2018/12/16-02:33:48.545853 7f3441cc5700                    Options.max_successive_merges: 0
2018/12/16-02:33:48.545855 7f3441cc5700                Options.optimize_filters_for_hits: 0
2018/12/16-02:33:48.545857 7f3441cc5700                Options.paranoid_file_checks: 0
2018/12/16-02:33:48.545859 7f3441cc5700                Options.force_consistency_checks: 0
2018/12/16-02:33:48.545861 7f3441cc5700                Options.report_bg_io_stats: 0
2018/12/16-02:33:48.545863 7f3441cc5700                               Options.ttl: 0
2018/12/16-02:33:49.120001 7f3441cc5700 [db/version_set.cc:3361] Recovered from manifest file:/mnt/sdb/ycsb-rocksdb-data/MANIFEST-000004 succeeded,manifest_file_number is 4, next_file_number is 1278, last_sequence is 10436551, log_number is 0,prev_log_number is 0,max_column_family is 1,min_log_number_to_keep is 0
2018/12/16-02:33:49.120012 7f3441cc5700 [db/version_set.cc:3369] Column family [default] (ID 0), log number is 0
2018/12/16-02:33:49.120014 7f3441cc5700 [db/version_set.cc:3369] Column family [usertable] (ID 1), log number is 1271
2018/12/16-02:33:49.122234 7f3441cc5700 EVENT_LOG_v1 {"time_micros": 1544956429122219, "job": 1, "event": "recovery_started", "log_files": [1271, 1276]}
2018/12/16-02:33:49.122243 7f3441cc5700 [db/db_impl_open.cc:551] Recovering log #1271 mode 2
2018/12/16-02:33:49.403503 7f3441cc5700 [db/db_impl_open.cc:551] Recovering log #1276 mode 2
2018/12/16-02:33:50.855019 7f3441cc5700 EVENT_LOG_v1 {"time_micros": 1544956430854973, "cf_name": "usertable", "job": 1, "event": "table_file_creation", "file_number": 1278, "file_size": 129895353, "table_properties": {"data_size": 129317909, "index_size": 576522, "filter_size": 0, "raw_key_size": 752760, "raw_average_key_size": 24, "raw_value_size": 128471040, "raw_average_value_size": 4096, "num_data_blocks": 15683, "num_entries": 31365, "filter_policy_name": "", "kDeletedKeys": "0", "kMergeOperands": "0"}}
2018/12/16-02:33:50.914941 7f3441cc5700 [db/version_set.cc:2847] Creating manifest 1279
2018/12/16-02:33:51.262366 7f3441cc5700 EVENT_LOG_v1 {"time_micros": 1544956431262341, "cf_name": "usertable", "job": 1, "event": "table_file_creation", "file_number": 1280, "file_size": 6643800, "table_properties": {"data_size": 6613469, "index_size": 29410, "filter_size": 0, "raw_key_size": 38496, "raw_average_key_size": 24, "raw_value_size": 6569984, "raw_average_value_size": 4096, "num_data_blocks": 802, "num_entries": 1604, "filter_policy_name": "", "kDeletedKeys": "0", "kMergeOperands": "0"}}
2018/12/16-02:33:51.316683 7f3441cc5700 EVENT_LOG_v1 {"time_micros": 1544956431316681, "job": 1, "event": "recovery_finished"}
2018/12/16-02:33:51.426496 7f3441cc5700 [db/db_impl_open.cc:1219] DB pointer 0x7f33883c3590
2018/12/16-02:33:51.426846 7f33f77fe700 [WARN] [db/db_impl.cc:491] ------- DUMPING STATS -------
2018/12/16-02:33:51.426891 7f33f77fe700 [WARN] [db/db_impl.cc:492] 
** DB Stats **
Uptime(secs): 2.9 total, 2.9 interval
Cumulative writes: 0 writes, 0 keys, 0 commit groups, 0.0 writes per commit group, ingest: 0.00 GB, 0.00 MB/s
Cumulative WAL: 0 writes, 0 syncs, 0.00 writes per sync, written: 0.00 GB, 0.00 MB/s
Cumulative stall: 00:00:0.000 H:M:S, 0.0 percent
Interval writes: 0 writes, 0 keys, 0 commit groups, 0.0 writes per commit group, ingest: 0.00 MB, 0.00 MB/s
Interval WAL: 0 writes, 0 syncs, 0.00 writes per sync, written: 0.00 MB, 0.00 MB/s
Interval stall: 00:00:0.000 H:M:S, 0.0 percent

** Compaction Stats [default] **
Level    Files   Size     Score Read(GB)  Rn(GB) Rnp1(GB) Write(GB) Wnew(GB) Moved(GB) W-Amp Rd(MB/s) Wr(MB/s) Comp(sec) Comp(cnt) Avg(sec) KeyIn KeyDrop
----------------------------------------------------------------------------------------------------------------------------------------------------------
 Sum      0/0    0.00 KB   0.0      0.0     0.0      0.0       0.0      0.0       0.0   0.0      0.0      0.0         0         0    0.000       0      0
 Int      0/0    0.00 KB   0.0      0.0     0.0      0.0       0.0      0.0       0.0   0.0      0.0      0.0         0         0    0.000       0      0
Uptime(secs): 2.9 total, 2.9 interval
Flush(GB): cumulative 0.000, interval 0.000
AddFile(GB): cumulative 0.000, interval 0.000
AddFile(Total Files): cumulative 0, interval 0
AddFile(L0 Files): cumulative 0, interval 0
AddFile(Keys): cumulative 0, interval 0
Cumulative compaction: 0.00 GB write, 0.00 MB/s write, 0.00 GB read, 0.00 MB/s read, 0.0 seconds
Interval compaction: 0.00 GB write, 0.00 MB/s write, 0.00 GB read, 0.00 MB/s read, 0.0 seconds
Stalls(count): 0 level0_slowdown, 0 level0_slowdown_with_compaction, 0 level0_numfiles, 0 level0_numfiles_with_compaction, 0 stop for pending_compaction_bytes, 0 slowdown for pending_compaction_bytes, 0 memtable_compaction, 0 memtable_slowdown, interval 0 total count

** File Read Latency Histogram By Level [default] **

** Compaction Stats [usertable] **
Level    Files   Size     Score Read(GB)  Rn(GB) Rnp1(GB) Write(GB) Wnew(GB) Moved(GB) W-Amp Rd(MB/s) Wr(MB/s) Comp(sec) Comp(cnt) Avg(sec) KeyIn KeyDrop
----------------------------------------------------------------------------------------------------------------------------------------------------------
  L0      3/0   322.19 MB   1.5      0.0     0.0      0.0       0.1      0.1       0.0   1.0      0.0     87.9         1         2    0.740       0      0
  L1      2/0   383.96 MB   0.7      0.0     0.0      0.0       0.0      0.0       0.0   0.0      0.0      0.0         0         0    0.000       0      0
  L2     93/0    4.96 GB   1.0      0.0     0.0      0.0       0.0      0.0       0.0   0.0      0.0      0.0         0         0    0.000       0      0
  L3    553/0   34.53 GB   0.7      0.0     0.0      0.0       0.0      0.0       0.0   0.0      0.0      0.0         0         0    0.000       0      0
 Sum    651/0   40.18 GB   0.0      0.0     0.0      0.0       0.1      0.1       0.0   1.0      0.0     87.9         1         2    0.740       0      0
 Int      0/0    0.00 KB   0.0      0.0     0.0      0.0       0.1      0.1       0.0   1.0      0.0     87.9         1         2    0.740       0      0
Uptime(secs): 2.9 total, 2.9 interval
Flush(GB): cumulative 0.127, interval 0.127
AddFile(GB): cumulative 0.000, interval 0.000
AddFile(Total Files): cumulative 0, interval 0
AddFile(L0 Files): cumulative 0, interval 0
AddFile(Keys): cumulative 0, interval 0
Cumulative compaction: 0.13 GB write, 45.20 MB/s write, 0.00 GB read, 0.00 MB/s read, 1.5 seconds
Interval compaction: 0.13 GB write, 45.20 MB/s write, 0.00 GB read, 0.00 MB/s read, 1.5 seconds
Stalls(count): 0 level0_slowdown, 0 level0_slowdown_with_compaction, 0 level0_numfiles, 0 level0_numfiles_with_compaction, 0 stop for pending_compaction_bytes, 0 slowdown for pending_compaction_bytes, 0 memtable_compaction, 0 memtable_slowdown, interval 0 total count

** File Read Latency Histogram By Level [usertable] **

** Compaction Stats [default] **
Level    Files   Size     Score Read(GB)  Rn(GB) Rnp1(GB) Write(GB) Wnew(GB) Moved(GB) W-Amp Rd(MB/s) Wr(MB/s) Comp(sec) Comp(cnt) Avg(sec) KeyIn KeyDrop
----------------------------------------------------------------------------------------------------------------------------------------------------------
 Sum      0/0    0.00 KB   0.0      0.0     0.0      0.0       0.0      0.0       0.0   0.0      0.0      0.0         0         0    0.000       0      0
 Int      0/0    0.00 KB   0.0      0.0     0.0      0.0       0.0      0.0       0.0   0.0      0.0      0.0         0         0    0.000       0      0
Uptime(secs): 2.9 total, 0.0 interval
Flush(GB): cumulative 0.000, interval 0.000
AddFile(GB): cumulative 0.000, interval 0.000
AddFile(Total Files): cumulative 0, interval 0
AddFile(L0 Files): cumulative 0, interval 0
AddFile(Keys): cumulative 0, interval 0
Cumulative compaction: 0.00 GB write, 0.00 MB/s write, 0.00 GB read, 0.00 MB/s read, 0.0 seconds
Interval compaction: 0.00 GB write, 0.00 MB/s write, 0.00 GB read, 0.00 MB/s read, 0.0 seconds
Stalls(count): 0 level0_slowdown, 0 level0_slowdown_with_compaction, 0 level0_numfiles, 0 level0_numfiles_with_compaction, 0 stop for pending_compaction_bytes, 0 slowdown for pending_compaction_bytes, 0 memtable_compaction, 0 memtable_slowdown, interval 0 total count

** File Read Latency Histogram By Level [default] **

** Compaction Stats [usertable] **
Level    Files   Size     Score Read(GB)  Rn(GB) Rnp1(GB) Write(GB) Wnew(GB) Moved(GB) W-Amp Rd(MB/s) Wr(MB/s) Comp(sec) Comp(cnt) Avg(sec) KeyIn KeyDrop
----------------------------------------------------------------------------------------------------------------------------------------------------------
  L0      3/0   322.19 MB   1.5      0.0     0.0      0.0       0.1      0.1       0.0   1.0      0.0     87.9         1         2    0.740       0      0
  L1      2/0   383.96 MB   0.7      0.0     0.0      0.0       0.0      0.0       0.0   0.0      0.0      0.0         0         0    0.000       0      0
  L2     93/0    4.96 GB   1.0      0.0     0.0      0.0       0.0      0.0       0.0   0.0      0.0      0.0         0         0    0.000       0      0
  L3    553/0   34.53 GB   0.7      0.0     0.0      0.0       0.0      0.0       0.0   0.0      0.0      0.0         0         0    0.000       0      0
 Sum    651/0   40.18 GB   0.0      0.0     0.0      0.0       0.1      0.1       0.0   1.0      0.0     87.9         1         2    0.740       0      0
 Int      0/0    0.00 KB   0.0      0.0     0.0      0.0       0.0      0.0       0.0   0.0      0.0      0.0         0         0    0.000       0      0
Uptime(secs): 2.9 total, 0.0 interval
Flush(GB): cumulative 0.127, interval 0.000
AddFile(GB): cumulative 0.000, interval 0.000
AddFile(Total Files): cumulative 0, interval 0
AddFile(L0 Files): cumulative 0, interval 0
AddFile(Keys): cumulative 0, interval 0
Cumulative compaction: 0.13 GB write, 45.19 MB/s write, 0.00 GB read, 0.00 MB/s read, 1.5 seconds
Interval compaction: 0.00 GB write, 0.00 MB/s write, 0.00 GB read, 0.00 MB/s read, 0.0 seconds
Stalls(count): 0 level0_slowdown, 0 level0_slowdown_with_compaction, 0 level0_numfiles, 0 level0_numfiles_with_compaction, 0 stop for pending_compaction_bytes, 0 slowdown for pending_compaction_bytes, 0 memtable_compaction, 0 memtable_slowdown, interval 0 total count

** File Read Latency Histogram By Level [usertable] **
2018/12/16-02:33:51.480546 7f33f77fe700 (Original Log Time 2018/12/16-02:33:51.427015) [db/db_impl_compaction_flush.cc:1835] [usertable] Moving #819 to level-1 201301186 bytes
2018/12/16-02:33:51.480550 7f33f77fe700 (Original Log Time 2018/12/16-02:33:51.480475) EVENT_LOG_v1 {"time_micros": 1544956431480466, "job": 3, "event": "trivial_move", "destination_level": 1, "files": 1, "total_files_size": 201301186}
2018/12/16-02:33:51.480551 7f33f77fe700 (Original Log Time 2018/12/16-02:33:51.480488) [db/db_impl_compaction_flush.cc:1864] [usertable] Moved #1 files to level-1 201301186 bytes OK: base level 1 max bytes base 536870912 files[2 3 93 553 0 0 0] max score 1.12
2018/12/16-02:33:51.480635 7f33f77fe700 [db/compaction_job.cc:1531] [usertable] [JOB 4] Compacting 1@1 files to L2, score 1.12
2018/12/16-02:33:51.480642 7f33f77fe700 [db/compaction_job.cc:1535] [usertable] Compaction start summary: Base version 6 Base level 1, inputs: [1224(191MB)]
2018/12/16-02:33:51.480662 7f33f77fe700 EVENT_LOG_v1 {"time_micros": 1544956431480647, "job": 4, "event": "compaction_started", "compaction_reason": "LevelMaxLevelSize", "files_L1": [1224], "score": 1.12487, "input_data_size": 201305291}
2018/12/16-02:33:52.262566 7f33f77fe700 [db/compaction_job.cc:1211] [usertable] [JOB 4] Generated table #1284: 16279 keys, 67233364 bytes
2018/12/16-02:33:52.262602 7f33f77fe700 EVENT_LOG_v1 {"time_micros": 1544956432262588, "cf_name": "usertable", "job": 4, "event": "table_file_creation", "file_number": 1284, "file_size": 67233364, "table_properties": {"data_size": 67118331, "index_size": 299108, "filter_size": 0, "raw_key_size": 390696, "raw_average_key_size": 24, "raw_value_size": 66678784, "raw_average_value_size": 4096, "num_data_blocks": 8140, "num_entries": 16279, "filter_policy_name": "", "kDeletedKeys": "0", "kMergeOperands": "0"}}
2018/12/16-02:33:53.775302 7f33f77fe700 [db/compaction_job.cc:1211] [usertable] [JOB 4] Generated table #1285: 16279 keys, 67233543 bytes
2018/12/16-02:33:53.775390 7f33f77fe700 EVENT_LOG_v1 {"time_micros": 1544956433775335, "cf_name": "usertable", "job": 4, "event": "table_file_creation", "file_number": 1285, "file_size": 67233543, "table_properties": {"data_size": 67120143, "index_size": 300916, "filter_size": 0, "raw_key_size": 390696, "raw_average_key_size": 24, "raw_value_size": 66678784, "raw_average_value_size": 4096, "num_data_blocks": 8140, "num_entries": 16279, "filter_policy_name": "", "kDeletedKeys": "0", "kMergeOperands": "0"}}
2018/12/16-02:33:55.181378 7f33f77fe700 [db/compaction_job.cc:1211] [usertable] [JOB 4] Generated table #1286: 16050 keys, 66287557 bytes
2018/12/16-02:33:55.181453 7f33f77fe700 EVENT_LOG_v1 {"time_micros": 1544956435181431, "cf_name": "usertable", "job": 4, "event": "table_file_creation", "file_number": 1286, "file_size": 66287557, "table_properties": {"data_size": 66174150, "index_size": 294877, "filter_size": 0, "raw_key_size": 385200, "raw_average_key_size": 24, "raw_value_size": 65740800, "raw_average_value_size": 4096, "num_data_blocks": 8025, "num_entries": 16050, "filter_policy_name": "", "kDeletedKeys": "0", "kMergeOperands": "0"}}
2018/12/16-02:33:55.181512 7f33f77fe700 [db/compaction_job.cc:1287] [usertable] [JOB 4] Compacted 1@1 files to L2 => 200754464 bytes
2018/12/16-02:33:55.236993 7f33f77fe700 (Original Log Time 2018/12/16-02:33:55.236862) [db/compaction_job.cc:685] [usertable] compacted to: base level 1 max bytes base 536870912 files[2 2 96 553 0 0 0] max score 1.03, MB/sec: 54.4 rd, 54.2 wr, level 2, files in(1, 0) out(3) MB in(192.0, 0.0) out(191.5), read-write-amplify(2.0) write-amplify(1.0) OK, records in: 48608, records dropped: 0 output_compression: LZ4
2018/12/16-02:33:55.237002 7f33f77fe700 (Original Log Time 2018/12/16-02:33:55.236904) EVENT_LOG_v1 {"time_micros": 1544956435236890, "job": 4, "event": "compaction_finished", "compaction_time_micros": 3700809, "output_level": 2, "num_output_files": 3, "total_output_size": 200754464, "num_input_records": 48608, "num_output_records": 48608, "num_subcompactions": 1, "output_compression": "LZ4", "num_single_delete_mismatches": 0, "num_single_delete_fallthrough": 0, "lsm_state": [2, 2, 96, 553, 0, 0, 0]}
2018/12/16-02:33:55.291136 7f340f7fe700 (Original Log Time 2018/12/16-02:33:55.237198) [db/db_impl_compaction_flush.cc:1835] [usertable] Moving #1285 to level-3 67233543 bytes
2018/12/16-02:33:55.291141 7f340f7fe700 (Original Log Time 2018/12/16-02:33:55.291062) EVENT_LOG_v1 {"time_micros": 1544956435291054, "job": 5, "event": "trivial_move", "destination_level": 3, "files": 1, "total_files_size": 67233543}
2018/12/16-02:33:55.291143 7f340f7fe700 (Original Log Time 2018/12/16-02:33:55.291083) [db/db_impl_compaction_flush.cc:1864] [usertable] Moved #1 files to level-3 67233543 bytes OK: base level 1 max bytes base 536870912 files[2 2 95 554 0 0 0] max score 1.02
2018/12/16-02:33:55.308534 7f340f7fe700 EVENT_LOG_v1 {"time_micros": 1544956435308527, "job": 5, "event": "table_file_deletion", "file_number": 1224}
2018/12/16-02:33:55.358218 7f340f7fe700 (Original Log Time 2018/12/16-02:33:55.308685) [db/db_impl_compaction_flush.cc:1835] [usertable] Moving #1284 to level-3 67233364 bytes
2018/12/16-02:33:55.358224 7f340f7fe700 (Original Log Time 2018/12/16-02:33:55.358144) EVENT_LOG_v1 {"time_micros": 1544956435358136, "job": 6, "event": "trivial_move", "destination_level": 3, "files": 1, "total_files_size": 67233364}
2018/12/16-02:33:55.358226 7f340f7fe700 (Original Log Time 2018/12/16-02:33:55.358159) [db/db_impl_compaction_flush.cc:1864] [usertable] Moved #1 files to level-3 67233364 bytes OK: base level 1 max bytes base 536870912 files[2 2 94 555 0 0 0] max score 1.00
2018/12/16-02:33:55.416295 7f340f7fe700 (Original Log Time 2018/12/16-02:33:55.358410) [db/db_impl_compaction_flush.cc:1835] [usertable] Moving #816 to level-3 66287561 bytes
2018/12/16-02:33:55.416299 7f340f7fe700 (Original Log Time 2018/12/16-02:33:55.416251) EVENT_LOG_v1 {"time_micros": 1544956435416244, "job": 7, "event": "trivial_move", "destination_level": 3, "files": 1, "total_files_size": 66287561}
2018/12/16-02:33:55.416301 7f340f7fe700 (Original Log Time 2018/12/16-02:33:55.416261) [db/db_impl_compaction_flush.cc:1864] [usertable] Moved #1 files to level-3 66287561 bytes OK: base level 1 max bytes base 536870912 files[2 2 93 556 0 0 0] max score 1.00
2018/12/16-02:33:55.462006 7f340f7fe700 (Original Log Time 2018/12/16-02:33:55.416483) [db/db_impl_compaction_flush.cc:1835] [usertable] Moving #1278 to level-1 129895353 bytes
2018/12/16-02:33:55.462011 7f340f7fe700 (Original Log Time 2018/12/16-02:33:55.461966) EVENT_LOG_v1 {"time_micros": 1544956435461961, "job": 8, "event": "trivial_move", "destination_level": 1, "files": 1, "total_files_size": 129895353}
2018/12/16-02:33:55.462013 7f340f7fe700 (Original Log Time 2018/12/16-02:33:55.461977) [db/db_impl_compaction_flush.cc:1864] [usertable] Moved #1 files to level-1 129895353 bytes OK: base level 1 max bytes base 536870912 files[1 3 93 556 0 0 0] max score 0.99
2018/12/16-02:33:56.479647 7f34416bf700 [db/db_impl_write.cc:1373] [usertable] New memtable created with log file: #1287. Immutable memtables: 0.
2018/12/16-02:33:58.023552 7f3440fa7700 [db/db_impl_write.cc:1373] [usertable] New memtable created with log file: #1288. Immutable memtables: 1.
2018/12/16-02:33:58.023706 7f331dffb700 [db/db_impl_compaction_flush.cc:80] [JOB 9] Syncing log #1281
