2018/10/31-19:21:20.156298 7f1cc6b00700 RocksDB version: 5.14.3
2018/10/31-19:21:20.156353 7f1cc6b00700 Git sha rocksdb_build_git_sha:
2018/10/31-19:21:20.156356 7f1cc6b00700 Compile date Oct 15 2018
2018/10/31-19:21:20.156360 7f1cc6b00700 DB SUMMARY
2018/10/31-19:21:20.156959 7f1cc6b00700 CURRENT file:  CURRENT
2018/10/31-19:21:20.156962 7f1cc6b00700 IDENTITY file:  IDENTITY
2018/10/31-19:21:20.157221 7f1cc6b00700 MANIFEST file:  MANIFEST-012185 size: 59941 Bytes
2018/10/31-19:21:20.157225 7f1cc6b00700 SST files in /mnt/sdb1/ycsb-rocksdb-data dir, Total Num: 276, files: 005343.sst 005400.sst 007936.sst 008871.sst 008968.sst 008970.sst 009133.sst 009144.sst 009145.sst 
2018/10/31-19:21:20.157227 7f1cc6b00700 Write Ahead Log file in /mnt/sdb1/ycsb-rocksdb-data: 012804.log size: 112039007 ; 012808.log size: 16263485 ; 
2018/10/31-19:21:20.157231 7f1cc6b00700                         Options.error_if_exists: 0
2018/10/31-19:21:20.157232 7f1cc6b00700                       Options.create_if_missing: 1
2018/10/31-19:21:20.157233 7f1cc6b00700                         Options.paranoid_checks: 1
2018/10/31-19:21:20.157234 7f1cc6b00700                                     Options.env: 0x7f1cc60d93e0
2018/10/31-19:21:20.157235 7f1cc6b00700                                Options.info_log: 0x7f1c7c3c5940
2018/10/31-19:21:20.157236 7f1cc6b00700                Options.max_file_opening_threads: 16
2018/10/31-19:21:20.157237 7f1cc6b00700                              Options.statistics: (nil)
2018/10/31-19:21:20.157238 7f1cc6b00700                               Options.use_fsync: 0
2018/10/31-19:21:20.157239 7f1cc6b00700                       Options.max_log_file_size: 0
2018/10/31-19:21:20.157239 7f1cc6b00700                  Options.max_manifest_file_size: 18446744073709551615
2018/10/31-19:21:20.157240 7f1cc6b00700                   Options.log_file_time_to_roll: 0
2018/10/31-19:21:20.157241 7f1cc6b00700                       Options.keep_log_file_num: 1000
2018/10/31-19:21:20.157242 7f1cc6b00700                    Options.recycle_log_file_num: 0
2018/10/31-19:21:20.157243 7f1cc6b00700                         Options.allow_fallocate: 1
2018/10/31-19:21:20.157244 7f1cc6b00700                        Options.allow_mmap_reads: 0
2018/10/31-19:21:20.157245 7f1cc6b00700                       Options.allow_mmap_writes: 0
2018/10/31-19:21:20.157245 7f1cc6b00700                        Options.use_direct_reads: 0
2018/10/31-19:21:20.157246 7f1cc6b00700                        Options.use_direct_io_for_flush_and_compaction: 0
2018/10/31-19:21:20.157247 7f1cc6b00700          Options.create_missing_column_families: 1
2018/10/31-19:21:20.157248 7f1cc6b00700                              Options.db_log_dir: 
2018/10/31-19:21:20.157249 7f1cc6b00700                                 Options.wal_dir: /mnt/sdb1/ycsb-rocksdb-data
2018/10/31-19:21:20.157250 7f1cc6b00700                Options.table_cache_numshardbits: 6
2018/10/31-19:21:20.157251 7f1cc6b00700                      Options.max_subcompactions: 4
2018/10/31-19:21:20.157252 7f1cc6b00700                  Options.max_background_flushes: 24
2018/10/31-19:21:20.157252 7f1cc6b00700                         Options.WAL_ttl_seconds: 0
2018/10/31-19:21:20.157253 7f1cc6b00700                       Options.WAL_size_limit_MB: 0
2018/10/31-19:21:20.157254 7f1cc6b00700             Options.manifest_preallocation_size: 4194304
2018/10/31-19:21:20.157255 7f1cc6b00700                     Options.is_fd_close_on_exec: 1
2018/10/31-19:21:20.157256 7f1cc6b00700                   Options.advise_random_on_open: 1
2018/10/31-19:21:20.157257 7f1cc6b00700                    Options.db_write_buffer_size: 0
2018/10/31-19:21:20.157257 7f1cc6b00700                    Options.write_buffer_manager: 0x7f1c7c3c2620
2018/10/31-19:21:20.157258 7f1cc6b00700         Options.access_hint_on_compaction_start: 1
2018/10/31-19:21:20.157259 7f1cc6b00700  Options.new_table_reader_for_compaction_inputs: 0
2018/10/31-19:21:20.157260 7f1cc6b00700           Options.random_access_max_buffer_size: 1048576
2018/10/31-19:21:20.157261 7f1cc6b00700                      Options.use_adaptive_mutex: 0
2018/10/31-19:21:20.157262 7f1cc6b00700                            Options.rate_limiter: (nil)
2018/10/31-19:21:20.157274 7f1cc6b00700     Options.sst_file_manager.rate_bytes_per_sec: 0
2018/10/31-19:21:20.157276 7f1cc6b00700                       Options.wal_recovery_mode: 2
2018/10/31-19:21:20.157277 7f1cc6b00700                  Options.enable_thread_tracking: 0
2018/10/31-19:21:20.157278 7f1cc6b00700                  Options.enable_pipelined_write: 1
2018/10/31-19:21:20.157278 7f1cc6b00700         Options.allow_concurrent_memtable_write: 1
2018/10/31-19:21:20.157279 7f1cc6b00700      Options.enable_write_thread_adaptive_yield: 1
2018/10/31-19:21:20.157280 7f1cc6b00700             Options.write_thread_max_yield_usec: 100
2018/10/31-19:21:20.157281 7f1cc6b00700            Options.write_thread_slow_yield_usec: 3
2018/10/31-19:21:20.157282 7f1cc6b00700                               Options.row_cache: None
2018/10/31-19:21:20.157282 7f1cc6b00700                              Options.wal_filter: None
2018/10/31-19:21:20.157283 7f1cc6b00700             Options.avoid_flush_during_recovery: 0
2018/10/31-19:21:20.157284 7f1cc6b00700             Options.allow_ingest_behind: 0
2018/10/31-19:21:20.157285 7f1cc6b00700             Options.preserve_deletes: 0
2018/10/31-19:21:20.157286 7f1cc6b00700             Options.two_write_queues: 0
2018/10/31-19:21:20.157287 7f1cc6b00700             Options.manual_wal_flush: 0
2018/10/31-19:21:20.157288 7f1cc6b00700             Options.max_background_jobs: 24
2018/10/31-19:21:20.157289 7f1cc6b00700             Options.max_background_compactions: 24
2018/10/31-19:21:20.157290 7f1cc6b00700             Options.avoid_flush_during_shutdown: 0
2018/10/31-19:21:20.157291 7f1cc6b00700           Options.writable_file_max_buffer_size: 1048576
2018/10/31-19:21:20.157292 7f1cc6b00700             Options.delayed_write_rate : 16777216
2018/10/31-19:21:20.157293 7f1cc6b00700             Options.max_total_wal_size: 0
2018/10/31-19:21:20.157294 7f1cc6b00700             Options.delete_obsolete_files_period_micros: 21600000000
2018/10/31-19:21:20.157295 7f1cc6b00700                   Options.stats_dump_period_sec: 60
2018/10/31-19:21:20.157295 7f1cc6b00700                          Options.max_open_files: -1
2018/10/31-19:21:20.157296 7f1cc6b00700                          Options.bytes_per_sync: 1048576
2018/10/31-19:21:20.157297 7f1cc6b00700                      Options.wal_bytes_per_sync: 0
2018/10/31-19:21:20.157298 7f1cc6b00700       Options.compaction_readahead_size: 0
2018/10/31-19:21:20.157299 7f1cc6b00700 Compression algorithms supported:
2018/10/31-19:21:20.157300 7f1cc6b00700 	kZSTDNotFinalCompression supported: 1
2018/10/31-19:21:20.157307 7f1cc6b00700 	kZSTD supported: 1
2018/10/31-19:21:20.157308 7f1cc6b00700 	kXpressCompression supported: 0
2018/10/31-19:21:20.157309 7f1cc6b00700 	kLZ4HCCompression supported: 1
2018/10/31-19:21:20.157310 7f1cc6b00700 	kLZ4Compression supported: 1
2018/10/31-19:21:20.157311 7f1cc6b00700 	kBZip2Compression supported: 1
2018/10/31-19:21:20.157312 7f1cc6b00700 	kZlibCompression supported: 1
2018/10/31-19:21:20.157313 7f1cc6b00700 	kSnappyCompression supported: 1
2018/10/31-19:21:20.157316 7f1cc6b00700 Fast CRC32 supported: Supported on x86
2018/10/31-19:21:20.157905 7f1cc6b00700 [db/version_set.cc:3085] Recovering from manifest file: MANIFEST-012185
2018/10/31-19:21:20.157988 7f1cc6b00700 [db/column_family.cc:475] --------------- Options for column family [default]:
2018/10/31-19:21:20.157991 7f1cc6b00700               Options.comparator: leveldb.BytewiseComparator
2018/10/31-19:21:20.157992 7f1cc6b00700           Options.merge_operator: None
2018/10/31-19:21:20.157993 7f1cc6b00700        Options.compaction_filter: None
2018/10/31-19:21:20.157994 7f1cc6b00700        Options.compaction_filter_factory: None
2018/10/31-19:21:20.157995 7f1cc6b00700         Options.memtable_factory: SkipListFactory
2018/10/31-19:21:20.157996 7f1cc6b00700            Options.table_factory: BlockBasedTable
2018/10/31-19:21:20.158024 7f1cc6b00700            table_factory options:   flush_block_policy_factory: FlushBlockBySizePolicyFactory (0x7f1c7c37ea30)
  cache_index_and_filter_blocks: 0
  cache_index_and_filter_blocks_with_high_priority: 0
  pin_l0_filter_and_index_blocks_in_cache: 0
  index_type: 0
  hash_index_allow_collision: 1
  checksum: 1
  no_block_cache: 0
  block_cache: 0x7f1c7c387bf0
  block_cache_name: LRUCache
  block_cache_options:
    capacity : 8388608
    num_shard_bits : 4
    strict_capacity_limit : 0
    high_pri_pool_ratio: 0.000
  block_cache_compressed: (nil)
  persistent_cache: (nil)
  block_size: 8192
  block_size_deviation: 10
  block_restart_interval: 16
  index_block_restart_interval: 1
  metadata_block_size: 4096
  partition_filters: 0
  use_delta_encoding: 1
  filter_policy: nullptr
  whole_key_filtering: 1
  verify_compression: 0
  read_amp_bytes_per_bit: 0
  format_version: 2
  enable_index_compression: 1
  block_align: 0
2018/10/31-19:21:20.158036 7f1cc6b00700        Options.write_buffer_size: 134217728
2018/10/31-19:21:20.158038 7f1cc6b00700  Options.max_write_buffer_number: 24
2018/10/31-19:21:20.158039 7f1cc6b00700        Options.compression[0]: NoCompression
2018/10/31-19:21:20.158040 7f1cc6b00700        Options.compression[1]: NoCompression
2018/10/31-19:21:20.158041 7f1cc6b00700        Options.compression[2]: LZ4
2018/10/31-19:21:20.158042 7f1cc6b00700        Options.compression[3]: LZ4
2018/10/31-19:21:20.158043 7f1cc6b00700        Options.compression[4]: LZ4
2018/10/31-19:21:20.158044 7f1cc6b00700        Options.compression[5]: LZ4
2018/10/31-19:21:20.158045 7f1cc6b00700        Options.compression[6]: LZ4
2018/10/31-19:21:20.158046 7f1cc6b00700                  Options.bottommost_compression: Disabled
2018/10/31-19:21:20.158046 7f1cc6b00700       Options.prefix_extractor: nullptr
2018/10/31-19:21:20.158047 7f1cc6b00700   Options.memtable_insert_with_hint_prefix_extractor: nullptr
2018/10/31-19:21:20.158048 7f1cc6b00700             Options.num_levels: 7
2018/10/31-19:21:20.158049 7f1cc6b00700        Options.min_write_buffer_number_to_merge: 2
2018/10/31-19:21:20.158050 7f1cc6b00700     Options.max_write_buffer_number_to_maintain: 0
2018/10/31-19:21:20.158051 7f1cc6b00700            Options.compression_opts.window_bits: -14
2018/10/31-19:21:20.158052 7f1cc6b00700                  Options.compression_opts.level: -1
2018/10/31-19:21:20.158053 7f1cc6b00700               Options.compression_opts.strategy: 0
2018/10/31-19:21:20.158053 7f1cc6b00700         Options.compression_opts.max_dict_bytes: 0
2018/10/31-19:21:20.158054 7f1cc6b00700         Options.compression_opts.zstd_max_train_bytes: 0
2018/10/31-19:21:20.158055 7f1cc6b00700      Options.level0_file_num_compaction_trigger: 2
2018/10/31-19:21:20.158056 7f1cc6b00700          Options.level0_slowdown_writes_trigger: 20
2018/10/31-19:21:20.158057 7f1cc6b00700              Options.level0_stop_writes_trigger: 36
2018/10/31-19:21:20.158058 7f1cc6b00700                   Options.target_file_size_base: 67108864
2018/10/31-19:21:20.158059 7f1cc6b00700             Options.target_file_size_multiplier: 1
2018/10/31-19:21:20.158060 7f1cc6b00700                Options.max_bytes_for_level_base: 536870912
2018/10/31-19:21:20.158061 7f1cc6b00700 Options.level_compaction_dynamic_level_bytes: 0
2018/10/31-19:21:20.158061 7f1cc6b00700          Options.max_bytes_for_level_multiplier: 10.000000
2018/10/31-19:21:20.158064 7f1cc6b00700 Options.max_bytes_for_level_multiplier_addtl[0]: 1
2018/10/31-19:21:20.158065 7f1cc6b00700 Options.max_bytes_for_level_multiplier_addtl[1]: 1
2018/10/31-19:21:20.158066 7f1cc6b00700 Options.max_bytes_for_level_multiplier_addtl[2]: 1
2018/10/31-19:21:20.158067 7f1cc6b00700 Options.max_bytes_for_level_multiplier_addtl[3]: 1
2018/10/31-19:21:20.158068 7f1cc6b00700 Options.max_bytes_for_level_multiplier_addtl[4]: 1
2018/10/31-19:21:20.158069 7f1cc6b00700 Options.max_bytes_for_level_multiplier_addtl[5]: 1
2018/10/31-19:21:20.158070 7f1cc6b00700 Options.max_bytes_for_level_multiplier_addtl[6]: 1
2018/10/31-19:21:20.158071 7f1cc6b00700       Options.max_sequential_skip_in_iterations: 8
2018/10/31-19:21:20.158071 7f1cc6b00700                    Options.max_compaction_bytes: 1677721600
2018/10/31-19:21:20.158078 7f1cc6b00700                        Options.arena_block_size: 16777216
2018/10/31-19:21:20.158079 7f1cc6b00700   Options.soft_pending_compaction_bytes_limit: 68719476736
2018/10/31-19:21:20.158080 7f1cc6b00700   Options.hard_pending_compaction_bytes_limit: 274877906944
2018/10/31-19:21:20.158081 7f1cc6b00700       Options.rate_limit_delay_max_milliseconds: 100
2018/10/31-19:21:20.158082 7f1cc6b00700                Options.disable_auto_compactions: 0
2018/10/31-19:21:20.158083 7f1cc6b00700                        Options.compaction_style: kCompactionStyleLevel
2018/10/31-19:21:20.158085 7f1cc6b00700                          Options.compaction_pri: kByCompensatedSize
2018/10/31-19:21:20.158086 7f1cc6b00700 Options.compaction_options_universal.size_ratio: 1
2018/10/31-19:21:20.158087 7f1cc6b00700 Options.compaction_options_universal.min_merge_width: 2
2018/10/31-19:21:20.158087 7f1cc6b00700 Options.compaction_options_universal.max_merge_width: 4294967295
2018/10/31-19:21:20.158088 7f1cc6b00700 Options.compaction_options_universal.max_size_amplification_percent: 200
2018/10/31-19:21:20.158089 7f1cc6b00700 Options.compaction_options_universal.compression_size_percent: -1
2018/10/31-19:21:20.158091 7f1cc6b00700 Options.compaction_options_universal.stop_style: kCompactionStopStyleTotalSize
2018/10/31-19:21:20.158091 7f1cc6b00700 Options.compaction_options_fifo.max_table_files_size: 1073741824
2018/10/31-19:21:20.158092 7f1cc6b00700 Options.compaction_options_fifo.allow_compaction: 0
2018/10/31-19:21:20.158093 7f1cc6b00700 Options.compaction_options_fifo.ttl: 0
2018/10/31-19:21:20.158094 7f1cc6b00700                   Options.table_properties_collectors: 
2018/10/31-19:21:20.158095 7f1cc6b00700                   Options.inplace_update_support: 0
2018/10/31-19:21:20.158096 7f1cc6b00700                 Options.inplace_update_num_locks: 10000
2018/10/31-19:21:20.158097 7f1cc6b00700               Options.memtable_prefix_bloom_size_ratio: 0.000000
2018/10/31-19:21:20.158098 7f1cc6b00700   Options.memtable_huge_page_size: 0
2018/10/31-19:21:20.158099 7f1cc6b00700                           Options.bloom_locality: 0
2018/10/31-19:21:20.158100 7f1cc6b00700                    Options.max_successive_merges: 0
2018/10/31-19:21:20.158101 7f1cc6b00700                Options.optimize_filters_for_hits: 0
2018/10/31-19:21:20.158102 7f1cc6b00700                Options.paranoid_file_checks: 0
2018/10/31-19:21:20.158103 7f1cc6b00700                Options.force_consistency_checks: 0
2018/10/31-19:21:20.158103 7f1cc6b00700                Options.report_bg_io_stats: 0
2018/10/31-19:21:20.158104 7f1cc6b00700                               Options.ttl: 0
2018/10/31-19:21:20.158579 7f1cc6b00700 [db/column_family.cc:475] --------------- Options for column family [usertable]:
2018/10/31-19:21:20.158582 7f1cc6b00700               Options.comparator: leveldb.BytewiseComparator
2018/10/31-19:21:20.158583 7f1cc6b00700           Options.merge_operator: None
2018/10/31-19:21:20.158584 7f1cc6b00700        Options.compaction_filter: None
2018/10/31-19:21:20.158585 7f1cc6b00700        Options.compaction_filter_factory: None
2018/10/31-19:21:20.158586 7f1cc6b00700         Options.memtable_factory: SkipListFactory
2018/10/31-19:21:20.158587 7f1cc6b00700            Options.table_factory: BlockBasedTable
2018/10/31-19:21:20.158608 7f1cc6b00700            table_factory options:   flush_block_policy_factory: FlushBlockBySizePolicyFactory (0x7f1c7c37ea10)
  cache_index_and_filter_blocks: 0
  cache_index_and_filter_blocks_with_high_priority: 0
  pin_l0_filter_and_index_blocks_in_cache: 0
  index_type: 0
  hash_index_allow_collision: 1
  checksum: 1
  no_block_cache: 0
  block_cache: 0x7f1c7c37f570
  block_cache_name: LRUCache
  block_cache_options:
    capacity : 8388608
    num_shard_bits : 4
    strict_capacity_limit : 0
    high_pri_pool_ratio: 0.000
  block_cache_compressed: (nil)
  persistent_cache: (nil)
  block_size: 8192
  block_size_deviation: 10
  block_restart_interval: 16
  index_block_restart_interval: 1
  metadata_block_size: 4096
  partition_filters: 0
  use_delta_encoding: 1
  filter_policy: nullptr
  whole_key_filtering: 1
  verify_compression: 0
  read_amp_bytes_per_bit: 0
  format_version: 2
  enable_index_compression: 1
  block_align: 0
2018/10/31-19:21:20.158620 7f1cc6b00700        Options.write_buffer_size: 134217728
2018/10/31-19:21:20.158622 7f1cc6b00700  Options.max_write_buffer_number: 24
2018/10/31-19:21:20.158623 7f1cc6b00700        Options.compression[0]: NoCompression
2018/10/31-19:21:20.158624 7f1cc6b00700        Options.compression[1]: NoCompression
2018/10/31-19:21:20.158625 7f1cc6b00700        Options.compression[2]: LZ4
2018/10/31-19:21:20.158626 7f1cc6b00700        Options.compression[3]: LZ4
2018/10/31-19:21:20.158627 7f1cc6b00700        Options.compression[4]: LZ4
2018/10/31-19:21:20.158627 7f1cc6b00700        Options.compression[5]: LZ4
2018/10/31-19:21:20.158628 7f1cc6b00700        Options.compression[6]: LZ4
2018/10/31-19:21:20.158629 7f1cc6b00700                  Options.bottommost_compression: Disabled
2018/10/31-19:21:20.158630 7f1cc6b00700       Options.prefix_extractor: nullptr
2018/10/31-19:21:20.158631 7f1cc6b00700   Options.memtable_insert_with_hint_prefix_extractor: nullptr
2018/10/31-19:21:20.158632 7f1cc6b00700             Options.num_levels: 7
2018/10/31-19:21:20.158633 7f1cc6b00700        Options.min_write_buffer_number_to_merge: 2
2018/10/31-19:21:20.158633 7f1cc6b00700     Options.max_write_buffer_number_to_maintain: 0
2018/10/31-19:21:20.158634 7f1cc6b00700            Options.compression_opts.window_bits: -14
2018/10/31-19:21:20.158635 7f1cc6b00700                  Options.compression_opts.level: -1
2018/10/31-19:21:20.158636 7f1cc6b00700               Options.compression_opts.strategy: 0
2018/10/31-19:21:20.158637 7f1cc6b00700         Options.compression_opts.max_dict_bytes: 0
2018/10/31-19:21:20.158638 7f1cc6b00700         Options.compression_opts.zstd_max_train_bytes: 0
2018/10/31-19:21:20.158639 7f1cc6b00700      Options.level0_file_num_compaction_trigger: 2
2018/10/31-19:21:20.158639 7f1cc6b00700          Options.level0_slowdown_writes_trigger: 20
2018/10/31-19:21:20.158640 7f1cc6b00700              Options.level0_stop_writes_trigger: 36
2018/10/31-19:21:20.158641 7f1cc6b00700                   Options.target_file_size_base: 67108864
2018/10/31-19:21:20.158642 7f1cc6b00700             Options.target_file_size_multiplier: 1
2018/10/31-19:21:20.158643 7f1cc6b00700                Options.max_bytes_for_level_base: 536870912
2018/10/31-19:21:20.158644 7f1cc6b00700 Options.level_compaction_dynamic_level_bytes: 0
2018/10/31-19:21:20.158644 7f1cc6b00700          Options.max_bytes_for_level_multiplier: 10.000000
2018/10/31-19:21:20.158646 7f1cc6b00700 Options.max_bytes_for_level_multiplier_addtl[0]: 1
2018/10/31-19:21:20.158647 7f1cc6b00700 Options.max_bytes_for_level_multiplier_addtl[1]: 1
2018/10/31-19:21:20.158648 7f1cc6b00700 Options.max_bytes_for_level_multiplier_addtl[2]: 1
2018/10/31-19:21:20.158649 7f1cc6b00700 Options.max_bytes_for_level_multiplier_addtl[3]: 1
2018/10/31-19:21:20.158650 7f1cc6b00700 Options.max_bytes_for_level_multiplier_addtl[4]: 1
2018/10/31-19:21:20.158651 7f1cc6b00700 Options.max_bytes_for_level_multiplier_addtl[5]: 1
2018/10/31-19:21:20.158652 7f1cc6b00700 Options.max_bytes_for_level_multiplier_addtl[6]: 1
2018/10/31-19:21:20.158653 7f1cc6b00700       Options.max_sequential_skip_in_iterations: 8
2018/10/31-19:21:20.158653 7f1cc6b00700                    Options.max_compaction_bytes: 1677721600
2018/10/31-19:21:20.158654 7f1cc6b00700                        Options.arena_block_size: 16777216
2018/10/31-19:21:20.158655 7f1cc6b00700   Options.soft_pending_compaction_bytes_limit: 68719476736
2018/10/31-19:21:20.158656 7f1cc6b00700   Options.hard_pending_compaction_bytes_limit: 274877906944
2018/10/31-19:21:20.158657 7f1cc6b00700       Options.rate_limit_delay_max_milliseconds: 100
2018/10/31-19:21:20.158658 7f1cc6b00700                Options.disable_auto_compactions: 0
2018/10/31-19:21:20.158659 7f1cc6b00700                        Options.compaction_style: kCompactionStyleLevel
2018/10/31-19:21:20.158675 7f1cc6b00700                          Options.compaction_pri: kByCompensatedSize
2018/10/31-19:21:20.158677 7f1cc6b00700 Options.compaction_options_universal.size_ratio: 1
2018/10/31-19:21:20.158677 7f1cc6b00700 Options.compaction_options_universal.min_merge_width: 2
2018/10/31-19:21:20.158678 7f1cc6b00700 Options.compaction_options_universal.max_merge_width: 4294967295
2018/10/31-19:21:20.158679 7f1cc6b00700 Options.compaction_options_universal.max_size_amplification_percent: 200
2018/10/31-19:21:20.158680 7f1cc6b00700 Options.compaction_options_universal.compression_size_percent: -1
2018/10/31-19:21:20.158681 7f1cc6b00700 Options.compaction_options_universal.stop_style: kCompactionStopStyleTotalSize
2018/10/31-19:21:20.158682 7f1cc6b00700 Options.compaction_options_fifo.max_table_files_size: 1073741824
2018/10/31-19:21:20.158683 7f1cc6b00700 Options.compaction_options_fifo.allow_compaction: 0
2018/10/31-19:21:20.158684 7f1cc6b00700 Options.compaction_options_fifo.ttl: 0
2018/10/31-19:21:20.158685 7f1cc6b00700                   Options.table_properties_collectors: 
2018/10/31-19:21:20.158685 7f1cc6b00700                   Options.inplace_update_support: 0
2018/10/31-19:21:20.158686 7f1cc6b00700                 Options.inplace_update_num_locks: 10000
2018/10/31-19:21:20.158687 7f1cc6b00700               Options.memtable_prefix_bloom_size_ratio: 0.000000
2018/10/31-19:21:20.158689 7f1cc6b00700   Options.memtable_huge_page_size: 0
2018/10/31-19:21:20.158690 7f1cc6b00700                           Options.bloom_locality: 0
2018/10/31-19:21:20.158690 7f1cc6b00700                    Options.max_successive_merges: 0
2018/10/31-19:21:20.158691 7f1cc6b00700                Options.optimize_filters_for_hits: 0
2018/10/31-19:21:20.158692 7f1cc6b00700                Options.paranoid_file_checks: 0
2018/10/31-19:21:20.158693 7f1cc6b00700                Options.force_consistency_checks: 0
2018/10/31-19:21:20.158694 7f1cc6b00700                Options.report_bg_io_stats: 0
2018/10/31-19:21:20.158694 7f1cc6b00700                               Options.ttl: 0
2018/10/31-19:21:20.382030 7f1cc6b00700 [db/version_set.cc:3361] Recovered from manifest file:/mnt/sdb1/ycsb-rocksdb-data/MANIFEST-012185 succeeded,manifest_file_number is 12185, next_file_number is 12811, last_sequence is 27415542, log_number is 0,prev_log_number is 0,max_column_family is 1,min_log_number_to_keep is 0
2018/10/31-19:21:20.382039 7f1cc6b00700 [db/version_set.cc:3369] Column family [default] (ID 0), log number is 12169
2018/10/31-19:21:20.382041 7f1cc6b00700 [db/version_set.cc:3369] Column family [usertable] (ID 1), log number is 12804
2018/10/31-19:21:20.382970 7f1cc6b00700 EVENT_LOG_v1 {"time_micros": 1541038880382956, "job": 1, "event": "recovery_started", "log_files": [12804, 12808]}
2018/10/31-19:21:20.382977 7f1cc6b00700 [db/db_impl_open.cc:551] Recovering log #12804 mode 2
2018/10/31-19:21:20.719667 7f1cc6b00700 [db/db_impl_open.cc:551] Recovering log #12808 mode 2
2018/10/31-19:21:20.769531 7f1cc6b00700 [db/version_set.cc:2847] Creating manifest 12811
2018/10/31-19:21:21.218691 7f1cc6b00700 EVENT_LOG_v1 {"time_micros": 1541038881218647, "cf_name": "usertable", "job": 1, "event": "table_file_creation", "file_number": 12812, "file_size": 90065983, "table_properties": {"data_size": 89682261, "index_size": 382800, "filter_size": 0, "raw_key_size": 521928, "raw_average_key_size": 24, "raw_value_size": 89075712, "raw_average_value_size": 4096, "num_data_blocks": 10874, "num_entries": 21747, "filter_policy_name": "", "kDeletedKeys": "0", "kMergeOperands": "0"}}
2018/10/31-19:21:21.256756 7f1cc6b00700 EVENT_LOG_v1 {"time_micros": 1541038881256751, "job": 1, "event": "recovery_finished"}
2018/10/31-19:21:21.315201 7f1cc6b00700 [db/db_impl_open.cc:1219] DB pointer 0x7f1c7c3c49d0
2018/10/31-19:21:21.315495 7f1cc51d1700 [WARN] [db/db_impl.cc:491] ------- DUMPING STATS -------
2018/10/31-19:21:21.315540 7f1cc51d1700 [WARN] [db/db_impl.cc:492] 
** DB Stats **
Uptime(secs): 1.2 total, 1.2 interval
Cumulative writes: 0 writes, 0 keys, 0 commit groups, 0.0 writes per commit group, ingest: 0.00 GB, 0.00 MB/s
Cumulative WAL: 0 writes, 0 syncs, 0.00 writes per sync, written: 0.00 GB, 0.00 MB/s
Cumulative stall: 00:00:0.000 H:M:S, 0.0 percent
Interval writes: 0 writes, 0 keys, 0 commit groups, 0.0 writes per commit group, ingest: 0.00 MB, 0.00 MB/s
Interval WAL: 0 writes, 0 syncs, 0.00 writes per sync, written: 0.00 MB, 0.00 MB/s
Interval stall: 00:00:0.000 H:M:S, 0.0 percent

** Compaction Stats [default] **
Level    Files   Size     Score Read(GB)  Rn(GB) Rnp1(GB) Write(GB) Wnew(GB) Moved(GB) W-Amp Rd(MB/s) Wr(MB/s) Comp(sec) Comp(cnt) Avg(sec) KeyIn KeyDrop
----------------------------------------------------------------------------------------------------------------------------------------------------------
 Sum      0/0    0.00 KB   0.0      0.0     0.0      0.0       0.0      0.0       0.0   0.0      0.0      0.0         0         0    0.000       0      0
 Int      0/0    0.00 KB   0.0      0.0     0.0      0.0       0.0      0.0       0.0   0.0      0.0      0.0         0         0    0.000       0      0
Uptime(secs): 1.2 total, 1.2 interval
Flush(GB): cumulative 0.000, interval 0.000
AddFile(GB): cumulative 0.000, interval 0.000
AddFile(Total Files): cumulative 0, interval 0
AddFile(L0 Files): cumulative 0, interval 0
AddFile(Keys): cumulative 0, interval 0
Cumulative compaction: 0.00 GB write, 0.00 MB/s write, 0.00 GB read, 0.00 MB/s read, 0.0 seconds
Interval compaction: 0.00 GB write, 0.00 MB/s write, 0.00 GB read, 0.00 MB/s read, 0.0 seconds
Stalls(count): 0 level0_slowdown, 0 level0_slowdown_with_compaction, 0 level0_numfiles, 0 level0_numfiles_with_compaction, 0 stop for pending_compaction_bytes, 0 slowdown for pending_compaction_bytes, 0 memtable_compaction, 0 memtable_slowdown, interval 0 total count

** File Read Latency Histogram By Level [default] **

** Compaction Stats [usertable] **
Level    Files   Size     Score Read(GB)  Rn(GB) Rnp1(GB) Write(GB) Wnew(GB) Moved(GB) W-Amp Rd(MB/s) Wr(MB/s) Comp(sec) Comp(cnt) Avg(sec) KeyIn KeyDrop
----------------------------------------------------------------------------------------------------------------------------------------------------------
  L0      2/0   242.79 MB   1.0      0.0     0.0      0.0       0.1      0.1       0.0   1.0      0.0    220.3         0         1    0.390       0      0
  L1      8/0   495.20 MB   1.0      0.0     0.0      0.0       0.0      0.0       0.0   0.0      0.0      0.0         0         0    0.000       0      0
  L2     82/0    4.94 GB   1.0      0.0     0.0      0.0       0.0      0.0       0.0   0.0      0.0      0.0         0         0    0.000       0      0
  L3    185/0   10.04 GB   0.2      0.0     0.0      0.0       0.0      0.0       0.0   0.0      0.0      0.0         0         0    0.000       0      0
 Sum    277/0   15.70 GB   0.0      0.0     0.0      0.0       0.1      0.1       0.0   1.0      0.0    220.3         0         1    0.390       0      0
 Int      0/0    0.00 KB   0.0      0.0     0.0      0.0       0.1      0.1       0.0   1.0      0.0    220.3         0         1    0.390       0      0
Uptime(secs): 1.2 total, 1.2 interval
Flush(GB): cumulative 0.084, interval 0.084
AddFile(GB): cumulative 0.000, interval 0.000
AddFile(Total Files): cumulative 0, interval 0
AddFile(L0 Files): cumulative 0, interval 0
AddFile(Keys): cumulative 0, interval 0
Cumulative compaction: 0.08 GB write, 74.25 MB/s write, 0.00 GB read, 0.00 MB/s read, 0.4 seconds
Interval compaction: 0.08 GB write, 74.25 MB/s write, 0.00 GB read, 0.00 MB/s read, 0.4 seconds
Stalls(count): 0 level0_slowdown, 0 level0_slowdown_with_compaction, 0 level0_numfiles, 0 level0_numfiles_with_compaction, 0 stop for pending_compaction_bytes, 0 slowdown for pending_compaction_bytes, 0 memtable_compaction, 0 memtable_slowdown, interval 0 total count

** File Read Latency Histogram By Level [usertable] **

** Compaction Stats [default] **
Level    Files   Size     Score Read(GB)  Rn(GB) Rnp1(GB) Write(GB) Wnew(GB) Moved(GB) W-Amp Rd(MB/s) Wr(MB/s) Comp(sec) Comp(cnt) Avg(sec) KeyIn KeyDrop
----------------------------------------------------------------------------------------------------------------------------------------------------------
 Sum      0/0    0.00 KB   0.0      0.0     0.0      0.0       0.0      0.0       0.0   0.0      0.0      0.0         0         0    0.000       0      0
 Int      0/0    0.00 KB   0.0      0.0     0.0      0.0       0.0      0.0       0.0   0.0      0.0      0.0         0         0    0.000       0      0
Uptime(secs): 1.2 total, 0.0 interval
Flush(GB): cumulative 0.000, interval 0.000
AddFile(GB): cumulative 0.000, interval 0.000
AddFile(Total Files): cumulative 0, interval 0
AddFile(L0 Files): cumulative 0, interval 0
AddFile(Keys): cumulative 0, interval 0
Cumulative compaction: 0.00 GB write, 0.00 MB/s write, 0.00 GB read, 0.00 MB/s read, 0.0 seconds
Interval compaction: 0.00 GB write, 0.00 MB/s write, 0.00 GB read, 0.00 MB/s read, 0.0 seconds
Stalls(count): 0 level0_slowdown, 0 level0_slowdown_with_compaction, 0 level0_numfiles, 0 level0_numfiles_with_compaction, 0 stop for pending_compaction_bytes, 0 slowdown for pending_compaction_bytes, 0 memtable_compaction, 0 memtable_slowdown, interval 0 total count

** File Read Latency Histogram By Level [default] **

** Compaction Stats [usertable] **
Level    Files   Size     Score Read(GB)  Rn(GB) Rnp1(GB) Write(GB) Wnew(GB) Moved(GB) W-Amp Rd(MB/s) Wr(MB/s) Comp(sec) Comp(cnt) Avg(sec) KeyIn KeyDrop
----------------------------------------------------------------------------------------------------------------------------------------------------------
  L0      2/0   242.79 MB   1.0      0.0     0.0      0.0       0.1      0.1       0.0   1.0      0.0    220.3         0         1    0.390       0      0
  L1      8/0   495.20 MB   1.0      0.0     0.0      0.0       0.0      0.0       0.0   0.0      0.0      0.0         0         0    0.000       0      0
  L2     82/0    4.94 GB   1.0      0.0     0.0      0.0       0.0      0.0       0.0   0.0      0.0      0.0         0         0    0.000       0      0
  L3    185/0   10.04 GB   0.2      0.0     0.0      0.0       0.0      0.0       0.0   0.0      0.0      0.0         0         0    0.000       0      0
 Sum    277/0   15.70 GB   0.0      0.0     0.0      0.0       0.1      0.1       0.0   1.0      0.0    220.3         0         1    0.390       0      0
 Int      0/0    0.00 KB   0.0      0.0     0.0      0.0       0.0      0.0       0.0   0.0      0.0      0.0         0         0    0.000       0      0
Uptime(secs): 1.2 total, 0.0 interval
Flush(GB): cumulative 0.084, interval 0.000
AddFile(GB): cumulative 0.000, interval 0.000
AddFile(Total Files): cumulative 0, interval 0
AddFile(L0 Files): cumulative 0, interval 0
AddFile(Keys): cumulative 0, interval 0
Cumulative compaction: 0.08 GB write, 74.24 MB/s write, 0.00 GB read, 0.00 MB/s read, 0.4 seconds
Interval compaction: 0.00 GB write, 0.00 MB/s write, 0.00 GB read, 0.00 MB/s read, 0.0 seconds
Stalls(count): 0 level0_slowdown, 0 level0_slowdown_with_compaction, 0 level0_numfiles, 0 level0_numfiles_with_compaction, 0 stop for pending_compaction_bytes, 0 slowdown for pending_compaction_bytes, 0 memtable_compaction, 0 memtable_slowdown, interval 0 total count

** File Read Latency Histogram By Level [usertable] **
2018/10/31-19:21:21.315833 7f1cc51d1700 [db/compaction_job.cc:1531] [usertable] [JOB 3] Compacting 2@0 + 8@1 files to L1, score 1.00
2018/10/31-19:21:21.315842 7f1cc51d1700 [db/compaction_job.cc:1535] [usertable] Compaction start summary: Base version 5 Base level 0, inputs: [12812(85MB) 12805(156MB)], [12760(64MB) 12769(62MB) 12771(58MB) 12761(64MB) 12764(64MB) 12767(64MB) 12770(62MB) 12768(54MB)]
2018/10/31-19:21:21.315874 7f1cc51d1700 EVENT_LOG_v1 {"time_micros": 1541038881315849, "job": 3, "event": "compaction_started", "compaction_reason": "LevelL0FilesNum", "files_L0": [12812, 12805], "files_L1": [12760, 12769, 12771, 12761, 12764, 12767, 12770, 12768], "score": 1, "input_data_size": 773829219}
2018/10/31-19:21:22.944600 7f1b887f8700 [db/compaction_job.cc:1211] [usertable] [JOB 3] Generated table #12817: 16277 keys, 67411840 bytes
2018/10/31-19:21:22.944642 7f1b887f8700 EVENT_LOG_v1 {"time_micros": 1541038882944624, "cf_name": "usertable", "job": 3, "event": "table_file_creation", "file_number": 12817, "file_size": 67411840, "table_properties": {"data_size": 67118406, "index_size": 292513, "filter_size": 0, "raw_key_size": 390648, "raw_average_key_size": 24, "raw_value_size": 66670592, "raw_average_value_size": 4096, "num_data_blocks": 8139, "num_entries": 16277, "filter_policy_name": "", "kDeletedKeys": "0", "kMergeOperands": "0"}}
2018/10/31-19:21:23.250344 7f1cc51d1700 [db/compaction_job.cc:1211] [usertable] [JOB 3] Generated table #12816: 16277 keys, 67411589 bytes
2018/10/31-19:21:23.250388 7f1cc51d1700 EVENT_LOG_v1 {"time_micros": 1541038883250371, "cf_name": "usertable", "job": 3, "event": "table_file_creation", "file_number": 12816, "file_size": 67411589, "table_properties": {"data_size": 67116184, "index_size": 294484, "filter_size": 0, "raw_key_size": 390648, "raw_average_key_size": 24, "raw_value_size": 66670592, "raw_average_value_size": 4096, "num_data_blocks": 8139, "num_entries": 16277, "filter_policy_name": "", "kDeletedKeys": "0", "kMergeOperands": "0"}}
2018/10/31-19:21:23.420590 7f1b897fa700 [db/compaction_job.cc:1211] [usertable] [JOB 3] Generated table #12818: 16277 keys, 67411878 bytes
2018/10/31-19:21:23.420645 7f1b897fa700 EVENT_LOG_v1 {"time_micros": 1541038883420617, "cf_name": "usertable", "job": 3, "event": "table_file_creation", "file_number": 12818, "file_size": 67411878, "table_properties": {"data_size": 67115789, "index_size": 295168, "filter_size": 0, "raw_key_size": 390648, "raw_average_key_size": 24, "raw_value_size": 66670592, "raw_average_value_size": 4096, "num_data_blocks": 8139, "num_entries": 16277, "filter_policy_name": "", "kDeletedKeys": "0", "kMergeOperands": "0"}}
2018/10/31-19:21:23.601007 7f1b897fa700 [db/compaction_job.cc:1211] [usertable] [JOB 3] Generated table #12822: 29 keys, 121020 bytes
2018/10/31-19:21:23.601039 7f1b897fa700 EVENT_LOG_v1 {"time_micros": 1541038883601027, "cf_name": "usertable", "job": 3, "event": "table_file_creation", "file_number": 12822, "file_size": 121020, "table_properties": {"data_size": 119582, "index_size": 524, "filter_size": 0, "raw_key_size": 696, "raw_average_key_size": 24, "raw_value_size": 118784, "raw_average_value_size": 4096, "num_data_blocks": 15, "num_entries": 29, "filter_policy_name": "", "kDeletedKeys": "0", "kMergeOperands": "0"}}
2018/10/31-19:21:23.751414 7f1b88ff9700 [db/compaction_job.cc:1211] [usertable] [JOB 3] Generated table #12819: 16277 keys, 67411836 bytes
2018/10/31-19:21:23.751457 7f1b88ff9700 EVENT_LOG_v1 {"time_micros": 1541038883751440, "cf_name": "usertable", "job": 3, "event": "table_file_creation", "file_number": 12819, "file_size": 67411836, "table_properties": {"data_size": 67114625, "index_size": 296290, "filter_size": 0, "raw_key_size": 390648, "raw_average_key_size": 24, "raw_value_size": 66670592, "raw_average_value_size": 4096, "num_data_blocks": 8139, "num_entries": 16277, "filter_policy_name": "", "kDeletedKeys": "0", "kMergeOperands": "0"}}
2018/10/31-19:21:25.423694 7f1b887f8700 [db/compaction_job.cc:1211] [usertable] [JOB 3] Generated table #12820: 16277 keys, 67411983 bytes
2018/10/31-19:21:25.423735 7f1b887f8700 EVENT_LOG_v1 {"time_micros": 1541038885423718, "cf_name": "usertable", "job": 3, "event": "table_file_creation", "file_number": 12820, "file_size": 67411983, "table_properties": {"data_size": 67117974, "index_size": 293088, "filter_size": 0, "raw_key_size": 390648, "raw_average_key_size": 24, "raw_value_size": 66670592, "raw_average_value_size": 4096, "num_data_blocks": 8139, "num_entries": 16277, "filter_policy_name": "", "kDeletedKeys": "0", "kMergeOperands": "0"}}
2018/10/31-19:21:25.825288 7f1cc51d1700 [db/compaction_job.cc:1211] [usertable] [JOB 3] Generated table #12821: 16277 keys, 67411823 bytes
2018/10/31-19:21:25.825323 7f1cc51d1700 EVENT_LOG_v1 {"time_micros": 1541038885825308, "cf_name": "usertable", "job": 3, "event": "table_file_creation", "file_number": 12821, "file_size": 67411823, "table_properties": {"data_size": 67118034, "index_size": 292868, "filter_size": 0, "raw_key_size": 390648, "raw_average_key_size": 24, "raw_value_size": 66670592, "raw_average_value_size": 4096, "num_data_blocks": 8139, "num_entries": 16277, "filter_policy_name": "", "kDeletedKeys": "0", "kMergeOperands": "0"}}
2018/10/31-19:21:25.927071 7f1b88ff9700 [db/compaction_job.cc:1211] [usertable] [JOB 3] Generated table #12823: 16277 keys, 67411802 bytes
2018/10/31-19:21:25.927111 7f1b88ff9700 EVENT_LOG_v1 {"time_micros": 1541038885927094, "cf_name": "usertable", "job": 3, "event": "table_file_creation", "file_number": 12823, "file_size": 67411802, "table_properties": {"data_size": 67116885, "index_size": 293996, "filter_size": 0, "raw_key_size": 390648, "raw_average_key_size": 24, "raw_value_size": 66670592, "raw_average_value_size": 4096, "num_data_blocks": 8139, "num_entries": 16277, "filter_policy_name": "", "kDeletedKeys": "0", "kMergeOperands": "0"}}
2018/10/31-19:21:26.723310 7f1b887f8700 [db/compaction_job.cc:1211] [usertable] [JOB 3] Generated table #12824: 13389 keys, 55451278 bytes
2018/10/31-19:21:26.723354 7f1b887f8700 EVENT_LOG_v1 {"time_micros": 1541038886723336, "cf_name": "usertable", "job": 3, "event": "table_file_creation", "file_number": 12824, "file_size": 55451278, "table_properties": {"data_size": 55207683, "index_size": 242674, "filter_size": 0, "raw_key_size": 321336, "raw_average_key_size": 24, "raw_value_size": 54841344, "raw_average_value_size": 4096, "num_data_blocks": 6695, "num_entries": 13389, "filter_policy_name": "", "kDeletedKeys": "0", "kMergeOperands": "0"}}
2018/10/31-19:21:27.080677 7f1cc51d1700 [db/compaction_job.cc:1211] [usertable] [JOB 3] Generated table #12825: 14518 keys, 60126960 bytes
2018/10/31-19:21:27.080729 7f1cc51d1700 EVENT_LOG_v1 {"time_micros": 1541038887080703, "cf_name": "usertable", "job": 3, "event": "table_file_creation", "file_number": 12825, "file_size": 60126960, "table_properties": {"data_size": 59863345, "index_size": 262694, "filter_size": 0, "raw_key_size": 348432, "raw_average_key_size": 24, "raw_value_size": 59465728, "raw_average_value_size": 4096, "num_data_blocks": 7259, "num_entries": 14518, "filter_policy_name": "", "kDeletedKeys": "0", "kMergeOperands": "0"}}
2018/10/31-19:21:27.191579 7f1b88ff9700 [db/compaction_job.cc:1211] [usertable] [JOB 3] Generated table #12826: 16277 keys, 67411964 bytes
2018/10/31-19:21:27.191625 7f1b88ff9700 EVENT_LOG_v1 {"time_micros": 1541038887191607, "cf_name": "usertable", "job": 3, "event": "table_file_creation", "file_number": 12826, "file_size": 67411964, "table_properties": {"data_size": 67115292, "index_size": 295751, "filter_size": 0, "raw_key_size": 390648, "raw_average_key_size": 24, "raw_value_size": 66670592, "raw_average_value_size": 4096, "num_data_blocks": 8139, "num_entries": 16277, "filter_policy_name": "", "kDeletedKeys": "0", "kMergeOperands": "0"}}
