2018/12/26-16:28:17.733630 7fb649ed9700 RocksDB version: 5.14.3
2018/12/26-16:28:17.733689 7fb649ed9700 Git sha rocksdb_build_git_sha:
2018/12/26-16:28:17.733693 7fb649ed9700 Compile date Dec 26 2018
2018/12/26-16:28:17.733699 7fb649ed9700 DB SUMMARY
2018/12/26-16:28:17.733725 7fb649ed9700 SST files in /mnt/sdf/ycsb-rocksdb-data dir, Total Num: 0, files: 
2018/12/26-16:28:17.733729 7fb649ed9700 Write Ahead Log file in /mnt/sdf/ycsb-rocksdb-data: 
2018/12/26-16:28:17.733733 7fb649ed9700                         Options.error_if_exists: 0
2018/12/26-16:28:17.733735 7fb649ed9700                       Options.create_if_missing: 1
2018/12/26-16:28:17.733737 7fb649ed9700                         Options.paranoid_checks: 1
2018/12/26-16:28:17.733739 7fb649ed9700                                     Options.env: 0x7fb640ff72c0
2018/12/26-16:28:17.733741 7fb649ed9700                                Options.info_log: 0x7fb5943c8ea0
2018/12/26-16:28:17.733743 7fb649ed9700                Options.max_file_opening_threads: 16
2018/12/26-16:28:17.733745 7fb649ed9700                              Options.statistics: (nil)
2018/12/26-16:28:17.733747 7fb649ed9700                               Options.use_fsync: 0
2018/12/26-16:28:17.733748 7fb649ed9700                       Options.max_log_file_size: 0
2018/12/26-16:28:17.733750 7fb649ed9700                  Options.max_manifest_file_size: 18446744073709551615
2018/12/26-16:28:17.733753 7fb649ed9700                   Options.log_file_time_to_roll: 0
2018/12/26-16:28:17.733754 7fb649ed9700                       Options.keep_log_file_num: 1000
2018/12/26-16:28:17.733756 7fb649ed9700                    Options.recycle_log_file_num: 0
2018/12/26-16:28:17.733758 7fb649ed9700                         Options.allow_fallocate: 1
2018/12/26-16:28:17.733760 7fb649ed9700                        Options.allow_mmap_reads: 0
2018/12/26-16:28:17.733762 7fb649ed9700                       Options.allow_mmap_writes: 0
2018/12/26-16:28:17.733764 7fb649ed9700                        Options.use_direct_reads: 0
2018/12/26-16:28:17.733766 7fb649ed9700                        Options.use_direct_io_for_flush_and_compaction: 0
2018/12/26-16:28:17.733768 7fb649ed9700          Options.create_missing_column_families: 1
2018/12/26-16:28:17.733770 7fb649ed9700                              Options.db_log_dir: 
2018/12/26-16:28:17.733771 7fb649ed9700                                 Options.wal_dir: /mnt/sdf/ycsb-rocksdb-data
2018/12/26-16:28:17.733773 7fb649ed9700                Options.table_cache_numshardbits: 6
2018/12/26-16:28:17.733775 7fb649ed9700                      Options.max_subcompactions: 4
2018/12/26-16:28:17.733777 7fb649ed9700                  Options.max_background_flushes: 24
2018/12/26-16:28:17.733779 7fb649ed9700                         Options.WAL_ttl_seconds: 0
2018/12/26-16:28:17.733781 7fb649ed9700                       Options.WAL_size_limit_MB: 0
2018/12/26-16:28:17.733783 7fb649ed9700             Options.manifest_preallocation_size: 4194304
2018/12/26-16:28:17.733785 7fb649ed9700                     Options.is_fd_close_on_exec: 1
2018/12/26-16:28:17.733787 7fb649ed9700                   Options.advise_random_on_open: 1
2018/12/26-16:28:17.733790 7fb649ed9700                    Options.db_write_buffer_size: 0
2018/12/26-16:28:17.733792 7fb649ed9700                    Options.write_buffer_manager: 0x7fb5943c5ec0
2018/12/26-16:28:17.733794 7fb649ed9700         Options.access_hint_on_compaction_start: 1
2018/12/26-16:28:17.733796 7fb649ed9700  Options.new_table_reader_for_compaction_inputs: 0
2018/12/26-16:28:17.733798 7fb649ed9700           Options.random_access_max_buffer_size: 1048576
2018/12/26-16:28:17.733800 7fb649ed9700                      Options.use_adaptive_mutex: 0
2018/12/26-16:28:17.733802 7fb649ed9700                            Options.rate_limiter: (nil)
2018/12/26-16:28:17.733805 7fb649ed9700     Options.sst_file_manager.rate_bytes_per_sec: 0
2018/12/26-16:28:17.733807 7fb649ed9700                       Options.wal_recovery_mode: 2
2018/12/26-16:28:17.733808 7fb649ed9700                  Options.enable_thread_tracking: 0
2018/12/26-16:28:17.733810 7fb649ed9700                  Options.enable_pipelined_write: 1
2018/12/26-16:28:17.733824 7fb649ed9700         Options.allow_concurrent_memtable_write: 1
2018/12/26-16:28:17.733827 7fb649ed9700      Options.enable_write_thread_adaptive_yield: 1
2018/12/26-16:28:17.733829 7fb649ed9700             Options.write_thread_max_yield_usec: 100
2018/12/26-16:28:17.733831 7fb649ed9700            Options.write_thread_slow_yield_usec: 3
2018/12/26-16:28:17.733833 7fb649ed9700                               Options.row_cache: None
2018/12/26-16:28:17.733835 7fb649ed9700                              Options.wal_filter: None
2018/12/26-16:28:17.733837 7fb649ed9700             Options.avoid_flush_during_recovery: 0
2018/12/26-16:28:17.733839 7fb649ed9700             Options.allow_ingest_behind: 0
2018/12/26-16:28:17.733841 7fb649ed9700             Options.preserve_deletes: 0
2018/12/26-16:28:17.733843 7fb649ed9700             Options.two_write_queues: 0
2018/12/26-16:28:17.733844 7fb649ed9700             Options.manual_wal_flush: 0
2018/12/26-16:28:17.733848 7fb649ed9700             Options.max_background_jobs: 24
2018/12/26-16:28:17.733850 7fb649ed9700             Options.max_background_compactions: 24
2018/12/26-16:28:17.733852 7fb649ed9700             Options.avoid_flush_during_shutdown: 0
2018/12/26-16:28:17.733854 7fb649ed9700           Options.writable_file_max_buffer_size: 1048576
2018/12/26-16:28:17.733856 7fb649ed9700             Options.delayed_write_rate : 16777216
2018/12/26-16:28:17.733858 7fb649ed9700             Options.max_total_wal_size: 0
2018/12/26-16:28:17.733860 7fb649ed9700             Options.delete_obsolete_files_period_micros: 21600000000
2018/12/26-16:28:17.733862 7fb649ed9700                   Options.stats_dump_period_sec: 60
2018/12/26-16:28:17.733864 7fb649ed9700                          Options.max_open_files: -1
2018/12/26-16:28:17.733866 7fb649ed9700                          Options.bytes_per_sync: 1048576
2018/12/26-16:28:17.733868 7fb649ed9700                      Options.wal_bytes_per_sync: 0
2018/12/26-16:28:17.733870 7fb649ed9700       Options.compaction_readahead_size: 0
2018/12/26-16:28:17.733872 7fb649ed9700 Compression algorithms supported:
2018/12/26-16:28:17.733874 7fb649ed9700 	kZSTDNotFinalCompression supported: 1
2018/12/26-16:28:17.733884 7fb649ed9700 	kZSTD supported: 1
2018/12/26-16:28:17.733886 7fb649ed9700 	kXpressCompression supported: 0
2018/12/26-16:28:17.733888 7fb649ed9700 	kLZ4HCCompression supported: 1
2018/12/26-16:28:17.733890 7fb649ed9700 	kLZ4Compression supported: 1
2018/12/26-16:28:17.733892 7fb649ed9700 	kBZip2Compression supported: 1
2018/12/26-16:28:17.733894 7fb649ed9700 	kZlibCompression supported: 1
2018/12/26-16:28:17.733896 7fb649ed9700 	kSnappyCompression supported: 1
2018/12/26-16:28:17.733902 7fb649ed9700 Fast CRC32 supported: Supported on x86
2018/12/26-16:28:17.733988 7fb649ed9700 [db/db_impl_open.cc:222] Creating manifest 1 
2018/12/26-16:28:17.834823 7fb649ed9700 [db/version_set.cc:3085] Recovering from manifest file: MANIFEST-000001
2018/12/26-16:28:17.834938 7fb649ed9700 [db/column_family.cc:475] --------------- Options for column family [default]:
2018/12/26-16:28:17.834942 7fb649ed9700               Options.comparator: leveldb.BytewiseComparator
2018/12/26-16:28:17.834944 7fb649ed9700           Options.merge_operator: None
2018/12/26-16:28:17.834945 7fb649ed9700        Options.compaction_filter: None
2018/12/26-16:28:17.834946 7fb649ed9700        Options.compaction_filter_factory: None
2018/12/26-16:28:17.834947 7fb649ed9700         Options.memtable_factory: SkipListFactory
2018/12/26-16:28:17.834949 7fb649ed9700            Options.table_factory: BlockBasedTable
2018/12/26-16:28:17.834990 7fb649ed9700            table_factory options:   flush_block_policy_factory: FlushBlockBySizePolicyFactory (0x7fb59437aa20)
  cache_index_and_filter_blocks: 0
  cache_index_and_filter_blocks_with_high_priority: 0
  pin_l0_filter_and_index_blocks_in_cache: 0
  index_type: 0
  hash_index_allow_collision: 1
  checksum: 1
  no_block_cache: 0
  block_cache: 0x7fb594386560
  block_cache_name: LRUCache
  block_cache_options:
    capacity : 8388608
    num_shard_bits : 4
    strict_capacity_limit : 0
    high_pri_pool_ratio: 0.000
  block_cache_compressed: (nil)
  persistent_cache: (nil)
  block_size: 8192
  block_size_deviation: 10
  block_restart_interval: 16
  index_block_restart_interval: 1
  metadata_block_size: 4096
  partition_filters: 0
  use_delta_encoding: 1
  filter_policy: nullptr
  whole_key_filtering: 1
  verify_compression: 0
  read_amp_bytes_per_bit: 0
  format_version: 2
  enable_index_compression: 1
  block_align: 0
2018/12/26-16:28:17.835009 7fb649ed9700        Options.write_buffer_size: 134217728
2018/12/26-16:28:17.835011 7fb649ed9700  Options.max_write_buffer_number: 24
2018/12/26-16:28:17.835012 7fb649ed9700        Options.compression[0]: NoCompression
2018/12/26-16:28:17.835014 7fb649ed9700        Options.compression[1]: NoCompression
2018/12/26-16:28:17.835015 7fb649ed9700        Options.compression[2]: LZ4
2018/12/26-16:28:17.835016 7fb649ed9700        Options.compression[3]: LZ4
2018/12/26-16:28:17.835017 7fb649ed9700        Options.compression[4]: LZ4
2018/12/26-16:28:17.835018 7fb649ed9700        Options.compression[5]: LZ4
2018/12/26-16:28:17.835019 7fb649ed9700        Options.compression[6]: LZ4
2018/12/26-16:28:17.835020 7fb649ed9700                  Options.bottommost_compression: Disabled
2018/12/26-16:28:17.835022 7fb649ed9700       Options.prefix_extractor: nullptr
2018/12/26-16:28:17.835023 7fb649ed9700   Options.memtable_insert_with_hint_prefix_extractor: nullptr
2018/12/26-16:28:17.835024 7fb649ed9700             Options.num_levels: 7
2018/12/26-16:28:17.835025 7fb649ed9700        Options.min_write_buffer_number_to_merge: 2
2018/12/26-16:28:17.835026 7fb649ed9700     Options.max_write_buffer_number_to_maintain: 0
2018/12/26-16:28:17.835027 7fb649ed9700            Options.compression_opts.window_bits: -14
2018/12/26-16:28:17.835028 7fb649ed9700                  Options.compression_opts.level: -1
2018/12/26-16:28:17.835029 7fb649ed9700               Options.compression_opts.strategy: 0
2018/12/26-16:28:17.835030 7fb649ed9700         Options.compression_opts.max_dict_bytes: 0
2018/12/26-16:28:17.835031 7fb649ed9700         Options.compression_opts.zstd_max_train_bytes: 0
2018/12/26-16:28:17.835032 7fb649ed9700      Options.level0_file_num_compaction_trigger: 2
2018/12/26-16:28:17.835033 7fb649ed9700          Options.level0_slowdown_writes_trigger: 20
2018/12/26-16:28:17.835034 7fb649ed9700              Options.level0_stop_writes_trigger: 36
2018/12/26-16:28:17.835035 7fb649ed9700                   Options.target_file_size_base: 67108864
2018/12/26-16:28:17.835036 7fb649ed9700             Options.target_file_size_multiplier: 1
2018/12/26-16:28:17.835037 7fb649ed9700                Options.max_bytes_for_level_base: 536870912
2018/12/26-16:28:17.835038 7fb649ed9700 Options.level_compaction_dynamic_level_bytes: 0
2018/12/26-16:28:17.835039 7fb649ed9700          Options.max_bytes_for_level_multiplier: 10.000000
2018/12/26-16:28:17.835042 7fb649ed9700 Options.max_bytes_for_level_multiplier_addtl[0]: 1
2018/12/26-16:28:17.835043 7fb649ed9700 Options.max_bytes_for_level_multiplier_addtl[1]: 1
2018/12/26-16:28:17.835044 7fb649ed9700 Options.max_bytes_for_level_multiplier_addtl[2]: 1
2018/12/26-16:28:17.835045 7fb649ed9700 Options.max_bytes_for_level_multiplier_addtl[3]: 1
2018/12/26-16:28:17.835046 7fb649ed9700 Options.max_bytes_for_level_multiplier_addtl[4]: 1
2018/12/26-16:28:17.835047 7fb649ed9700 Options.max_bytes_for_level_multiplier_addtl[5]: 1
2018/12/26-16:28:17.835048 7fb649ed9700 Options.max_bytes_for_level_multiplier_addtl[6]: 1
2018/12/26-16:28:17.835049 7fb649ed9700       Options.max_sequential_skip_in_iterations: 8
2018/12/26-16:28:17.835050 7fb649ed9700                    Options.max_compaction_bytes: 1677721600
2018/12/26-16:28:17.835051 7fb649ed9700                        Options.arena_block_size: 16777216
2018/12/26-16:28:17.835052 7fb649ed9700   Options.soft_pending_compaction_bytes_limit: 68719476736
2018/12/26-16:28:17.835053 7fb649ed9700   Options.hard_pending_compaction_bytes_limit: 274877906944
2018/12/26-16:28:17.835060 7fb649ed9700       Options.rate_limit_delay_max_milliseconds: 100
2018/12/26-16:28:17.835062 7fb649ed9700                Options.disable_auto_compactions: 0
2018/12/26-16:28:17.835064 7fb649ed9700                        Options.compaction_style: kCompactionStyleLevel
2018/12/26-16:28:17.835066 7fb649ed9700                          Options.compaction_pri: kByCompensatedSize
2018/12/26-16:28:17.835067 7fb649ed9700 Options.compaction_options_universal.size_ratio: 1
2018/12/26-16:28:17.835068 7fb649ed9700 Options.compaction_options_universal.min_merge_width: 2
2018/12/26-16:28:17.835069 7fb649ed9700 Options.compaction_options_universal.max_merge_width: 4294967295
2018/12/26-16:28:17.835070 7fb649ed9700 Options.compaction_options_universal.max_size_amplification_percent: 200
2018/12/26-16:28:17.835071 7fb649ed9700 Options.compaction_options_universal.compression_size_percent: -1
2018/12/26-16:28:17.835073 7fb649ed9700 Options.compaction_options_universal.stop_style: kCompactionStopStyleTotalSize
2018/12/26-16:28:17.835074 7fb649ed9700 Options.compaction_options_fifo.max_table_files_size: 1073741824
2018/12/26-16:28:17.835075 7fb649ed9700 Options.compaction_options_fifo.allow_compaction: 0
2018/12/26-16:28:17.835076 7fb649ed9700 Options.compaction_options_fifo.ttl: 0
2018/12/26-16:28:17.835077 7fb649ed9700                   Options.table_properties_collectors: 
2018/12/26-16:28:17.835078 7fb649ed9700                   Options.inplace_update_support: 0
2018/12/26-16:28:17.835079 7fb649ed9700                 Options.inplace_update_num_locks: 10000
2018/12/26-16:28:17.835080 7fb649ed9700               Options.memtable_prefix_bloom_size_ratio: 0.000000
2018/12/26-16:28:17.835082 7fb649ed9700   Options.memtable_huge_page_size: 0
2018/12/26-16:28:17.835083 7fb649ed9700                           Options.bloom_locality: 0
2018/12/26-16:28:17.835084 7fb649ed9700                    Options.max_successive_merges: 0
2018/12/26-16:28:17.835085 7fb649ed9700                Options.optimize_filters_for_hits: 0
2018/12/26-16:28:17.835086 7fb649ed9700                Options.paranoid_file_checks: 0
2018/12/26-16:28:17.835087 7fb649ed9700                Options.force_consistency_checks: 0
2018/12/26-16:28:17.835088 7fb649ed9700                Options.report_bg_io_stats: 0
2018/12/26-16:28:17.835089 7fb649ed9700                               Options.ttl: 0
2018/12/26-16:28:17.835750 7fb649ed9700 [db/version_set.cc:3361] Recovered from manifest file:/mnt/sdf/ycsb-rocksdb-data/MANIFEST-000001 succeeded,manifest_file_number is 1, next_file_number is 3, last_sequence is 0, log_number is 0,prev_log_number is 0,max_column_family is 0,min_log_number_to_keep is 0
2018/12/26-16:28:17.835754 7fb649ed9700 [db/version_set.cc:3369] Column family [default] (ID 0), log number is 0
2018/12/26-16:28:17.835936 7fb649ed9700 [db/version_set.cc:2847] Creating manifest 4
2018/12/26-16:28:17.908290 7fb649ed9700 [db/column_family.cc:475] --------------- Options for column family [usertable]:
2018/12/26-16:28:17.908298 7fb649ed9700               Options.comparator: leveldb.BytewiseComparator
2018/12/26-16:28:17.908300 7fb649ed9700           Options.merge_operator: None
2018/12/26-16:28:17.908301 7fb649ed9700        Options.compaction_filter: None
2018/12/26-16:28:17.908302 7fb649ed9700        Options.compaction_filter_factory: None
2018/12/26-16:28:17.908303 7fb649ed9700         Options.memtable_factory: SkipListFactory
2018/12/26-16:28:17.908304 7fb649ed9700            Options.table_factory: BlockBasedTable
2018/12/26-16:28:17.908334 7fb649ed9700            table_factory options:   flush_block_policy_factory: FlushBlockBySizePolicyFactory (0x7fb59437ab00)
  cache_index_and_filter_blocks: 0
  cache_index_and_filter_blocks_with_high_priority: 0
  pin_l0_filter_and_index_blocks_in_cache: 0
  index_type: 0
  hash_index_allow_collision: 1
  checksum: 1
  no_block_cache: 0
  block_cache: 0x7fb594389b90
  block_cache_name: LRUCache
  block_cache_options:
    capacity : 8388608
    num_shard_bits : 4
    strict_capacity_limit : 0
    high_pri_pool_ratio: 0.000
  block_cache_compressed: (nil)
  persistent_cache: (nil)
  block_size: 8192
  block_size_deviation: 10
  block_restart_interval: 16
  index_block_restart_interval: 1
  metadata_block_size: 4096
  partition_filters: 0
  use_delta_encoding: 1
  filter_policy: nullptr
  whole_key_filtering: 1
  verify_compression: 0
  read_amp_bytes_per_bit: 0
  format_version: 2
  enable_index_compression: 1
  block_align: 0
2018/12/26-16:28:17.908336 7fb649ed9700        Options.write_buffer_size: 134217728
2018/12/26-16:28:17.908337 7fb649ed9700  Options.max_write_buffer_number: 24
2018/12/26-16:28:17.908339 7fb649ed9700        Options.compression[0]: NoCompression
2018/12/26-16:28:17.908340 7fb649ed9700        Options.compression[1]: NoCompression
2018/12/26-16:28:17.908341 7fb649ed9700        Options.compression[2]: LZ4
2018/12/26-16:28:17.908343 7fb649ed9700        Options.compression[3]: LZ4
2018/12/26-16:28:17.908344 7fb649ed9700        Options.compression[4]: LZ4
2018/12/26-16:28:17.908345 7fb649ed9700        Options.compression[5]: LZ4
2018/12/26-16:28:17.908346 7fb649ed9700        Options.compression[6]: LZ4
2018/12/26-16:28:17.908347 7fb649ed9700                  Options.bottommost_compression: Disabled
2018/12/26-16:28:17.908348 7fb649ed9700       Options.prefix_extractor: nullptr
2018/12/26-16:28:17.908349 7fb649ed9700   Options.memtable_insert_with_hint_prefix_extractor: nullptr
2018/12/26-16:28:17.908350 7fb649ed9700             Options.num_levels: 7
2018/12/26-16:28:17.908351 7fb649ed9700        Options.min_write_buffer_number_to_merge: 2
2018/12/26-16:28:17.908352 7fb649ed9700     Options.max_write_buffer_number_to_maintain: 0
2018/12/26-16:28:17.908353 7fb649ed9700            Options.compression_opts.window_bits: -14
2018/12/26-16:28:17.908354 7fb649ed9700                  Options.compression_opts.level: -1
2018/12/26-16:28:17.908355 7fb649ed9700               Options.compression_opts.strategy: 0
2018/12/26-16:28:17.908356 7fb649ed9700         Options.compression_opts.max_dict_bytes: 0
2018/12/26-16:28:17.908357 7fb649ed9700         Options.compression_opts.zstd_max_train_bytes: 0
2018/12/26-16:28:17.908358 7fb649ed9700      Options.level0_file_num_compaction_trigger: 2
2018/12/26-16:28:17.908359 7fb649ed9700          Options.level0_slowdown_writes_trigger: 20
2018/12/26-16:28:17.908360 7fb649ed9700              Options.level0_stop_writes_trigger: 36
2018/12/26-16:28:17.908361 7fb649ed9700                   Options.target_file_size_base: 67108864
2018/12/26-16:28:17.908362 7fb649ed9700             Options.target_file_size_multiplier: 1
2018/12/26-16:28:17.908363 7fb649ed9700                Options.max_bytes_for_level_base: 536870912
2018/12/26-16:28:17.908364 7fb649ed9700 Options.level_compaction_dynamic_level_bytes: 0
2018/12/26-16:28:17.908365 7fb649ed9700          Options.max_bytes_for_level_multiplier: 10.000000
2018/12/26-16:28:17.908368 7fb649ed9700 Options.max_bytes_for_level_multiplier_addtl[0]: 1
2018/12/26-16:28:17.908381 7fb649ed9700 Options.max_bytes_for_level_multiplier_addtl[1]: 1
2018/12/26-16:28:17.908383 7fb649ed9700 Options.max_bytes_for_level_multiplier_addtl[2]: 1
2018/12/26-16:28:17.908384 7fb649ed9700 Options.max_bytes_for_level_multiplier_addtl[3]: 1
2018/12/26-16:28:17.908385 7fb649ed9700 Options.max_bytes_for_level_multiplier_addtl[4]: 1
2018/12/26-16:28:17.908386 7fb649ed9700 Options.max_bytes_for_level_multiplier_addtl[5]: 1
2018/12/26-16:28:17.908387 7fb649ed9700 Options.max_bytes_for_level_multiplier_addtl[6]: 1
2018/12/26-16:28:17.908388 7fb649ed9700       Options.max_sequential_skip_in_iterations: 8
2018/12/26-16:28:17.908388 7fb649ed9700                    Options.max_compaction_bytes: 1677721600
2018/12/26-16:28:17.908390 7fb649ed9700                        Options.arena_block_size: 16777216
2018/12/26-16:28:17.908391 7fb649ed9700   Options.soft_pending_compaction_bytes_limit: 68719476736
2018/12/26-16:28:17.908392 7fb649ed9700   Options.hard_pending_compaction_bytes_limit: 274877906944
2018/12/26-16:28:17.908393 7fb649ed9700       Options.rate_limit_delay_max_milliseconds: 100
2018/12/26-16:28:17.908394 7fb649ed9700                Options.disable_auto_compactions: 0
2018/12/26-16:28:17.908396 7fb649ed9700                        Options.compaction_style: kCompactionStyleLevel
2018/12/26-16:28:17.908398 7fb649ed9700                          Options.compaction_pri: kByCompensatedSize
2018/12/26-16:28:17.908399 7fb649ed9700 Options.compaction_options_universal.size_ratio: 1
2018/12/26-16:28:17.908400 7fb649ed9700 Options.compaction_options_universal.min_merge_width: 2
2018/12/26-16:28:17.908401 7fb649ed9700 Options.compaction_options_universal.max_merge_width: 4294967295
2018/12/26-16:28:17.908402 7fb649ed9700 Options.compaction_options_universal.max_size_amplification_percent: 200
2018/12/26-16:28:17.908403 7fb649ed9700 Options.compaction_options_universal.compression_size_percent: -1
2018/12/26-16:28:17.908405 7fb649ed9700 Options.compaction_options_universal.stop_style: kCompactionStopStyleTotalSize
2018/12/26-16:28:17.908406 7fb649ed9700 Options.compaction_options_fifo.max_table_files_size: 1073741824
2018/12/26-16:28:17.908407 7fb649ed9700 Options.compaction_options_fifo.allow_compaction: 0
2018/12/26-16:28:17.908408 7fb649ed9700 Options.compaction_options_fifo.ttl: 0
2018/12/26-16:28:17.908409 7fb649ed9700                   Options.table_properties_collectors: 
2018/12/26-16:28:17.908410 7fb649ed9700                   Options.inplace_update_support: 0
2018/12/26-16:28:17.908411 7fb649ed9700                 Options.inplace_update_num_locks: 10000
2018/12/26-16:28:17.908412 7fb649ed9700               Options.memtable_prefix_bloom_size_ratio: 0.000000
2018/12/26-16:28:17.908413 7fb649ed9700   Options.memtable_huge_page_size: 0
2018/12/26-16:28:17.908414 7fb649ed9700                           Options.bloom_locality: 0
2018/12/26-16:28:17.908415 7fb649ed9700                    Options.max_successive_merges: 0
2018/12/26-16:28:17.908416 7fb649ed9700                Options.optimize_filters_for_hits: 0
2018/12/26-16:28:17.908417 7fb649ed9700                Options.paranoid_file_checks: 0
2018/12/26-16:28:17.908418 7fb649ed9700                Options.force_consistency_checks: 0
2018/12/26-16:28:17.908419 7fb649ed9700                Options.report_bg_io_stats: 0
2018/12/26-16:28:17.908433 7fb649ed9700                               Options.ttl: 0
2018/12/26-16:28:17.908489 7fb649ed9700 [db/db_impl.cc:1396] Created column family [usertable] (ID 1)
2018/12/26-16:28:17.985660 7fb649ed9700 [db/db_impl_open.cc:1219] DB pointer 0x7fb5943c95f0
2018/12/26-16:28:26.843057 7fb6497d2700 [db/db_impl_write.cc:1373] [usertable] New memtable created with log file: #9. Immutable memtables: 0.
2018/12/26-16:28:35.807805 7fb649ad5700 [db/db_impl_write.cc:1373] [usertable] New memtable created with log file: #10. Immutable memtables: 1.
2018/12/26-16:28:35.807974 7fb621ffb700 [db/db_impl_compaction_flush.cc:80] [JOB 2] Syncing log #3
2018/12/26-16:28:36.529529 7fb621ffb700 [db/db_impl_compaction_flush.cc:80] [JOB 2] Syncing log #9
2018/12/26-16:28:37.856300 7fb621ffb700 (Original Log Time 2018/12/26-16:28:35.807932) [db/db_impl_compaction_flush.cc:1424] Calling FlushMemTableToOutputFile with column family [usertable], flush slots available 24, compaction slots available 1, flush slots scheduled 1, compaction slots scheduled 0
2018/12/26-16:28:37.856318 7fb621ffb700 [db/flush_job.cc:301] [usertable] [JOB 2] Flushing memtable with next log file: 9
2018/12/26-16:28:37.856330 7fb621ffb700 [db/flush_job.cc:301] [usertable] [JOB 2] Flushing memtable with next log file: 10
2018/12/26-16:28:37.856371 7fb621ffb700 EVENT_LOG_v1 {"time_micros": 1545870517856357, "job": 2, "event": "flush_started", "num_memtables": 2, "num_entries": 62370, "num_deletes": 0, "memory_usage": 258537456, "flush_reason": "Write Buffer Full"}
2018/12/26-16:28:37.856381 7fb621ffb700 [db/flush_job.cc:331] [usertable] [JOB 2] Level-0 flush table #11: started
2018/12/26-16:28:40.145666 7fb621ffb700 EVENT_LOG_v1 {"time_micros": 1545870520145645, "cf_name": "usertable", "job": 2, "event": "table_file_creation", "file_number": 11, "file_size": 258299091, "table_properties": {"data_size": 257151510, "index_size": 1146654, "filter_size": 0, "raw_key_size": 1496880, "raw_average_key_size": 24, "raw_value_size": 255467520, "raw_average_value_size": 4096, "num_data_blocks": 31185, "num_entries": 62370, "filter_policy_name": "", "kDeletedKeys": "0", "kMergeOperands": "0"}}
2018/12/26-16:28:40.145696 7fb621ffb700 [db/flush_job.cc:371] [usertable] [JOB 2] Level-0 flush table #11: 258299091 bytes OK
2018/12/26-16:28:40.174687 7fb621ffb700 (Original Log Time 2018/12/26-16:28:40.145713) [db/memtable_list.cc:377] [usertable] Level-0 commit table #11 started
2018/12/26-16:28:40.174691 7fb621ffb700 (Original Log Time 2018/12/26-16:28:40.174606) [db/memtable_list.cc:409] [usertable] Level-0 commit table #11: memtable #1 done
2018/12/26-16:28:40.174693 7fb621ffb700 (Original Log Time 2018/12/26-16:28:40.174618) [db/memtable_list.cc:409] [usertable] Level-0 commit table #11: memtable #2 done
2018/12/26-16:28:40.174694 7fb621ffb700 (Original Log Time 2018/12/26-16:28:40.174637) EVENT_LOG_v1 {"time_micros": 1545870520174628, "job": 2, "event": "flush_finished", "output_compression": "NoCompression", "lsm_state": [1, 0, 0, 0, 0, 0, 0], "immutable_memtables": 0}
2018/12/26-16:28:40.174696 7fb621ffb700 (Original Log Time 2018/12/26-16:28:40.174663) [db/db_impl_compaction_flush.cc:177] [usertable] Level summary: base level 1 max bytes base 536870912 files[1 0 0 0 0 0 0] max score 0.50
2018/12/26-16:28:40.174708 7fb621ffb700 [db/db_impl_files.cc:347] [JOB 2] Try to delete WAL files size 257505486, prev total WAL file size 320605153, number of live WAL files 3.
2018/12/26-16:28:44.508786 7fb6494cf700 [db/db_impl_write.cc:1373] [usertable] New memtable created with log file: #12. Immutable memtables: 0.
2018/12/26-16:28:53.473823 7fb6499d4700 [db/db_impl_write.cc:1373] [usertable] New memtable created with log file: #13. Immutable memtables: 1.
2018/12/26-16:28:53.473902 7fb6227fc700 [db/db_impl_compaction_flush.cc:80] [JOB 3] Syncing log #10
2018/12/26-16:28:54.994806 7fb6227fc700 [db/db_impl_compaction_flush.cc:80] [JOB 3] Syncing log #12
2018/12/26-16:28:55.798457 7fb6227fc700 (Original Log Time 2018/12/26-16:28:53.473885) [db/db_impl_compaction_flush.cc:1424] Calling FlushMemTableToOutputFile with column family [usertable], flush slots available 24, compaction slots available 1, flush slots scheduled 1, compaction slots scheduled 0
2018/12/26-16:28:55.798473 7fb6227fc700 [db/flush_job.cc:301] [usertable] [JOB 3] Flushing memtable with next log file: 12
2018/12/26-16:28:55.798480 7fb6227fc700 [db/flush_job.cc:301] [usertable] [JOB 3] Flushing memtable with next log file: 13
2018/12/26-16:28:55.798507 7fb6227fc700 EVENT_LOG_v1 {"time_micros": 1545870535798499, "job": 3, "event": "flush_started", "num_memtables": 2, "num_entries": 61830, "num_deletes": 0, "memory_usage": 258265720, "flush_reason": "Write Buffer Full"}
2018/12/26-16:28:55.798513 7fb6227fc700 [db/flush_job.cc:331] [usertable] [JOB 3] Level-0 flush table #14: started
2018/12/26-16:28:59.362378 7fb6227fc700 EVENT_LOG_v1 {"time_micros": 1545870539362355, "cf_name": "usertable", "job": 3, "event": "table_file_creation", "file_number": 14, "file_size": 256062739, "table_properties": {"data_size": 254925090, "index_size": 1136722, "filter_size": 0, "raw_key_size": 1483920, "raw_average_key_size": 24, "raw_value_size": 253255680, "raw_average_value_size": 4096, "num_data_blocks": 30915, "num_entries": 61830, "filter_policy_name": "", "kDeletedKeys": "0", "kMergeOperands": "0"}}
2018/12/26-16:28:59.362401 7fb6227fc700 [db/flush_job.cc:371] [usertable] [JOB 3] Level-0 flush table #14: 256062739 bytes OK
2018/12/26-16:28:59.462215 7fb6227fc700 (Original Log Time 2018/12/26-16:28:59.362416) [db/memtable_list.cc:377] [usertable] Level-0 commit table #14 started
2018/12/26-16:28:59.462220 7fb6227fc700 (Original Log Time 2018/12/26-16:28:59.462120) [db/memtable_list.cc:409] [usertable] Level-0 commit table #14: memtable #1 done
2018/12/26-16:28:59.462222 7fb6227fc700 (Original Log Time 2018/12/26-16:28:59.462126) [db/memtable_list.cc:409] [usertable] Level-0 commit table #14: memtable #2 done
2018/12/26-16:28:59.462223 7fb6227fc700 (Original Log Time 2018/12/26-16:28:59.462153) EVENT_LOG_v1 {"time_micros": 1545870539462143, "job": 3, "event": "flush_finished", "output_compression": "NoCompression", "lsm_state": [2, 0, 0, 0, 0, 0, 0], "immutable_memtables": 0}
2018/12/26-16:28:59.462225 7fb6227fc700 (Original Log Time 2018/12/26-16:28:59.462193) [db/db_impl_compaction_flush.cc:177] [usertable] Level summary: base level 1 max bytes base 536870912 files[2 0 0 0 0 0 0] max score 1.00
2018/12/26-16:28:59.462245 7fb6227fc700 [db/db_impl_files.cc:347] [JOB 3] Try to delete WAL files size 255274338, prev total WAL file size 341810750, number of live WAL files 3.
2018/12/26-16:28:59.462466 7fb63b7fe700 [WARN] [db/db_impl.cc:491] ------- DUMPING STATS -------
2018/12/26-16:28:59.464398 7fb63b7fe700 [WARN] [db/db_impl.cc:492] 
** DB Stats **
Uptime(secs): 41.6 total, 41.6 interval
Cumulative writes: 145K writes, 145K keys, 141K commit groups, 1.0 writes per commit group, ingest: 0.56 GB, 13.73 MB/s
Cumulative WAL: 145K writes, 0 syncs, 145161.00 writes per sync, written: 0.56 GB, 13.73 MB/s
Cumulative stall: 00:00:0.000 H:M:S, 0.0 percent
Interval writes: 145K writes, 145K keys, 141K commit groups, 1.0 writes per commit group, ingest: 571.56 MB, 13.73 MB/s
Interval WAL: 145K writes, 0 syncs, 145161.00 writes per sync, written: 0.56 MB, 13.73 MB/s
Interval stall: 00:00:0.000 H:M:S, 0.0 percent

** Compaction Stats [default] **
Level    Files   Size     Score Read(GB)  Rn(GB) Rnp1(GB) Write(GB) Wnew(GB) Moved(GB) W-Amp Rd(MB/s) Wr(MB/s) Comp(sec) Comp(cnt) Avg(sec) KeyIn KeyDrop
----------------------------------------------------------------------------------------------------------------------------------------------------------
 Sum      0/0    0.00 KB   0.0      0.0     0.0      0.0       0.0      0.0       0.0   0.0      0.0      0.0         0         0    0.000       0      0
 Int      0/0    0.00 KB   0.0      0.0     0.0      0.0       0.0      0.0       0.0   0.0      0.0      0.0         0         0    0.000       0      0
Uptime(secs): 41.6 total, 41.6 interval
Flush(GB): cumulative 0.000, interval 0.000
AddFile(GB): cumulative 0.000, interval 0.000
AddFile(Total Files): cumulative 0, interval 0
AddFile(L0 Files): cumulative 0, interval 0
AddFile(Keys): cumulative 0, interval 0
Cumulative compaction: 0.00 GB write, 0.00 MB/s write, 0.00 GB read, 0.00 MB/s read, 0.0 seconds
Interval compaction: 0.00 GB write, 0.00 MB/s write, 0.00 GB read, 0.00 MB/s read, 0.0 seconds
Stalls(count): 0 level0_slowdown, 0 level0_slowdown_with_compaction, 0 level0_numfiles, 0 level0_numfiles_with_compaction, 0 stop for pending_compaction_bytes, 0 slowdown for pending_compaction_bytes, 0 memtable_compaction, 0 memtable_slowdown, interval 0 total count

** File Read Latency Histogram By Level [default] **

** Compaction Stats [usertable] **
Level    Files   Size     Score Read(GB)  Rn(GB) Rnp1(GB) Write(GB) Wnew(GB) Moved(GB) W-Amp Rd(MB/s) Wr(MB/s) Comp(sec) Comp(cnt) Avg(sec) KeyIn KeyDrop
----------------------------------------------------------------------------------------------------------------------------------------------------------
  L0      2/0   490.53 MB   1.0      0.0     0.0      0.0       0.5      0.5       0.0   1.0      0.0     83.8         6         2    2.927       0      0
 Sum      2/0   490.53 MB   0.0      0.0     0.0      0.0       0.5      0.5       0.0   1.0      0.0     83.8         6         2    2.927       0      0
 Int      0/0    0.00 KB   0.0      0.0     0.0      0.0       0.5      0.5       0.0   1.0      0.0     83.8         6         2    2.927       0      0
Uptime(secs): 41.6 total, 41.6 interval
Flush(GB): cumulative 0.479, interval 0.479
AddFile(GB): cumulative 0.000, interval 0.000
AddFile(Total Files): cumulative 0, interval 0
AddFile(L0 Files): cumulative 0, interval 0
AddFile(Keys): cumulative 0, interval 0
Cumulative compaction: 0.48 GB write, 11.80 MB/s write, 0.00 GB read, 0.00 MB/s read, 5.9 seconds
Interval compaction: 0.48 GB write, 11.80 MB/s write, 0.00 GB read, 0.00 MB/s read, 5.9 seconds
Stalls(count): 0 level0_slowdown, 0 level0_slowdown_with_compaction, 0 level0_numfiles, 0 level0_numfiles_with_compaction, 0 stop for pending_compaction_bytes, 0 slowdown for pending_compaction_bytes, 0 memtable_compaction, 0 memtable_slowdown, interval 0 total count

** File Read Latency Histogram By Level [usertable] **

** Compaction Stats [default] **
Level    Files   Size     Score Read(GB)  Rn(GB) Rnp1(GB) Write(GB) Wnew(GB) Moved(GB) W-Amp Rd(MB/s) Wr(MB/s) Comp(sec) Comp(cnt) Avg(sec) KeyIn KeyDrop
----------------------------------------------------------------------------------------------------------------------------------------------------------
 Sum      0/0    0.00 KB   0.0      0.0     0.0      0.0       0.0      0.0       0.0   0.0      0.0      0.0         0         0    0.000       0      0
 Int      0/0    0.00 KB   0.0      0.0     0.0      0.0       0.0      0.0       0.0   0.0      0.0      0.0         0         0    0.000       0      0
Uptime(secs): 41.6 total, 0.0 interval
Flush(GB): cumulative 0.000, interval 0.000
AddFile(GB): cumulative 0.000, interval 0.000
AddFile(Total Files): cumulative 0, interval 0
AddFile(L0 Files): cumulative 0, interval 0
AddFile(Keys): cumulative 0, interval 0
Cumulative compaction: 0.00 GB write, 0.00 MB/s write, 0.00 GB read, 0.00 MB/s read, 0.0 seconds
Interval compaction: 0.00 GB write, 0.00 MB/s write, 0.00 GB read, 0.00 MB/s read, 0.0 seconds
Stalls(count): 0 level0_slowdown, 0 level0_slowdown_with_compaction, 0 level0_numfiles, 0 level0_numfiles_with_compaction, 0 stop for pending_compaction_bytes, 0 slowdown for pending_compaction_bytes, 0 memtable_compaction, 0 memtable_slowdown, interval 0 total count

** File Read Latency Histogram By Level [default] **

** Compaction Stats [usertable] **
Level    Files   Size     Score Read(GB)  Rn(GB) Rnp1(GB) Write(GB) Wnew(GB) Moved(GB) W-Amp Rd(MB/s) Wr(MB/s) Comp(sec) Comp(cnt) Avg(sec) KeyIn KeyDrop
----------------------------------------------------------------------------------------------------------------------------------------------------------
  L0      2/0   490.53 MB   1.0      0.0     0.0      0.0       0.5      0.5       0.0   1.0      0.0     83.8         6         2    2.927       0      0
 Sum      2/0   490.53 MB   0.0      0.0     0.0      0.0       0.5      0.5       0.0   1.0      0.0     83.8         6         2    2.927       0      0
 Int      0/0    0.00 KB   0.0      0.0     0.0      0.0       0.0      0.0       0.0   0.0      0.0      0.0         0         0    0.000       0      0
Uptime(secs): 41.6 total, 0.0 interval
Flush(GB): cumulative 0.479, interval 0.000
AddFile(GB): cumulative 0.000, interval 0.000
AddFile(Total Files): cumulative 0, interval 0
AddFile(L0 Files): cumulative 0, interval 0
AddFile(Keys): cumulative 0, interval 0
Cumulative compaction: 0.48 GB write, 11.80 MB/s write, 0.00 GB read, 0.00 MB/s read, 5.9 seconds
Interval compaction: 0.00 GB write, 0.00 MB/s write, 0.00 GB read, 0.00 MB/s read, 0.0 seconds
Stalls(count): 0 level0_slowdown, 0 level0_slowdown_with_compaction, 0 level0_numfiles, 0 level0_numfiles_with_compaction, 0 stop for pending_compaction_bytes, 0 slowdown for pending_compaction_bytes, 0 memtable_compaction, 0 memtable_slowdown, interval 0 total count

** File Read Latency Histogram By Level [usertable] **
2018/12/26-16:28:59.548356 7fb63b7fe700 (Original Log Time 2018/12/26-16:28:59.468267) [db/db_impl_compaction_flush.cc:1835] [usertable] Moving #11 to level-1 258299091 bytes
2018/12/26-16:28:59.548361 7fb63b7fe700 (Original Log Time 2018/12/26-16:28:59.548301) EVENT_LOG_v1 {"time_micros": 1545870539548288, "job": 4, "event": "trivial_move", "destination_level": 1, "files": 1, "total_files_size": 258299091}
2018/12/26-16:28:59.548363 7fb63b7fe700 (Original Log Time 2018/12/26-16:28:59.548321) [db/db_impl_compaction_flush.cc:1864] [usertable] Moved #1 files to level-1 258299091 bytes OK: base level 1 max bytes base 536870912 files[1 1 0 0 0 0 0] max score 0.50
2018/12/26-16:29:00.416284 7fb6496d1700 [db/db_impl_write.cc:1373] [usertable] New memtable created with log file: #15. Immutable memtables: 0.
2018/12/26-16:29:07.365931 7fb6494cf700 [db/db_impl_write.cc:1373] [usertable] New memtable created with log file: #16. Immutable memtables: 1.
2018/12/26-16:29:07.366012 7fb6217fa700 [db/db_impl_compaction_flush.cc:80] [JOB 5] Syncing log #13
2018/12/26-16:29:07.782211 7fb6217fa700 [db/db_impl_compaction_flush.cc:80] [JOB 5] Syncing log #15
2018/12/26-16:29:08.197017 7fb6217fa700 (Original Log Time 2018/12/26-16:29:07.365996) [db/db_impl_compaction_flush.cc:1424] Calling FlushMemTableToOutputFile with column family [usertable], flush slots available 24, compaction slots available 1, flush slots scheduled 1, compaction slots scheduled 0
2018/12/26-16:29:08.197034 7fb6217fa700 [db/flush_job.cc:301] [usertable] [JOB 5] Flushing memtable with next log file: 15
2018/12/26-16:29:08.197040 7fb6217fa700 [db/flush_job.cc:301] [usertable] [JOB 5] Flushing memtable with next log file: 16
2018/12/26-16:29:08.197068 7fb6217fa700 EVENT_LOG_v1 {"time_micros": 1545870548197059, "job": 5, "event": "flush_started", "num_memtables": 2, "num_entries": 48621, "num_deletes": 0, "memory_usage": 237375600, "flush_reason": "Write Buffer Full"}
2018/12/26-16:29:08.197074 7fb6217fa700 [db/flush_job.cc:331] [usertable] [JOB 5] Level-0 flush table #17: started
2018/12/26-16:29:10.030365 7fb6217fa700 EVENT_LOG_v1 {"time_micros": 1545870550030342, "cf_name": "usertable", "job": 5, "event": "table_file_creation", "file_number": 17, "file_size": 201359166, "table_properties": {"data_size": 200464397, "index_size": 893842, "filter_size": 0, "raw_key_size": 1166904, "raw_average_key_size": 24, "raw_value_size": 199151616, "raw_average_value_size": 4096, "num_data_blocks": 24311, "num_entries": 48621, "filter_policy_name": "", "kDeletedKeys": "0", "kMergeOperands": "0"}}
2018/12/26-16:29:10.030383 7fb6217fa700 [db/flush_job.cc:371] [usertable] [JOB 5] Level-0 flush table #17: 201359166 bytes OK
2018/12/26-16:29:10.091483 7fb6217fa700 (Original Log Time 2018/12/26-16:29:10.030396) [db/memtable_list.cc:377] [usertable] Level-0 commit table #17 started
2018/12/26-16:29:10.091488 7fb6217fa700 (Original Log Time 2018/12/26-16:29:10.091393) [db/memtable_list.cc:409] [usertable] Level-0 commit table #17: memtable #1 done
2018/12/26-16:29:10.091490 7fb6217fa700 (Original Log Time 2018/12/26-16:29:10.091400) [db/memtable_list.cc:409] [usertable] Level-0 commit table #17: memtable #2 done
2018/12/26-16:29:10.091491 7fb6217fa700 (Original Log Time 2018/12/26-16:29:10.091429) EVENT_LOG_v1 {"time_micros": 1545870550091420, "job": 5, "event": "flush_finished", "output_compression": "NoCompression", "lsm_state": [2, 1, 0, 0, 0, 0, 0], "immutable_memtables": 0}
2018/12/26-16:29:10.091493 7fb6217fa700 (Original Log Time 2018/12/26-16:29:10.091462) [db/db_impl_compaction_flush.cc:177] [usertable] Level summary: base level 1 max bytes base 536870912 files[2 1 0 0 0 0 0] max score 1.00
