2018/11/10-21:53:16.954325 7f87625fb700 RocksDB version: 5.14.3
2018/11/10-21:53:16.954378 7f87625fb700 Git sha rocksdb_build_git_sha:
2018/11/10-21:53:16.954380 7f87625fb700 Compile date Oct 15 2018
2018/11/10-21:53:16.954389 7f87625fb700 DB SUMMARY
2018/11/10-21:53:16.954410 7f87625fb700 SST files in /mnt/sdb/ycsb-rocksdb-data dir, Total Num: 0, files: 
2018/11/10-21:53:16.954413 7f87625fb700 Write Ahead Log file in /mnt/sdb/ycsb-rocksdb-data: 
2018/11/10-21:53:16.954415 7f87625fb700                         Options.error_if_exists: 0
2018/11/10-21:53:16.954416 7f87625fb700                       Options.create_if_missing: 1
2018/11/10-21:53:16.954417 7f87625fb700                         Options.paranoid_checks: 1
2018/11/10-21:53:16.954418 7f87625fb700                                     Options.env: 0x7f8758ff73e0
2018/11/10-21:53:16.954419 7f87625fb700                                Options.info_log: 0x7f86ac3c2650
2018/11/10-21:53:16.954420 7f87625fb700                Options.max_file_opening_threads: 16
2018/11/10-21:53:16.954421 7f87625fb700                              Options.statistics: (nil)
2018/11/10-21:53:16.954422 7f87625fb700                               Options.use_fsync: 0
2018/11/10-21:53:16.954423 7f87625fb700                       Options.max_log_file_size: 0
2018/11/10-21:53:16.954424 7f87625fb700                  Options.max_manifest_file_size: 18446744073709551615
2018/11/10-21:53:16.954424 7f87625fb700                   Options.log_file_time_to_roll: 0
2018/11/10-21:53:16.954425 7f87625fb700                       Options.keep_log_file_num: 1000
2018/11/10-21:53:16.954426 7f87625fb700                    Options.recycle_log_file_num: 0
2018/11/10-21:53:16.954427 7f87625fb700                         Options.allow_fallocate: 1
2018/11/10-21:53:16.954428 7f87625fb700                        Options.allow_mmap_reads: 0
2018/11/10-21:53:16.954429 7f87625fb700                       Options.allow_mmap_writes: 0
2018/11/10-21:53:16.954430 7f87625fb700                        Options.use_direct_reads: 0
2018/11/10-21:53:16.954430 7f87625fb700                        Options.use_direct_io_for_flush_and_compaction: 0
2018/11/10-21:53:16.954431 7f87625fb700          Options.create_missing_column_families: 1
2018/11/10-21:53:16.954432 7f87625fb700                              Options.db_log_dir: 
2018/11/10-21:53:16.954433 7f87625fb700                                 Options.wal_dir: /mnt/sdb/ycsb-rocksdb-data
2018/11/10-21:53:16.954434 7f87625fb700                Options.table_cache_numshardbits: 6
2018/11/10-21:53:16.954435 7f87625fb700                      Options.max_subcompactions: 4
2018/11/10-21:53:16.954436 7f87625fb700                  Options.max_background_flushes: 24
2018/11/10-21:53:16.954436 7f87625fb700                         Options.WAL_ttl_seconds: 0
2018/11/10-21:53:16.954437 7f87625fb700                       Options.WAL_size_limit_MB: 0
2018/11/10-21:53:16.954438 7f87625fb700             Options.manifest_preallocation_size: 4194304
2018/11/10-21:53:16.954439 7f87625fb700                     Options.is_fd_close_on_exec: 1
2018/11/10-21:53:16.954440 7f87625fb700                   Options.advise_random_on_open: 1
2018/11/10-21:53:16.954441 7f87625fb700                    Options.db_write_buffer_size: 0
2018/11/10-21:53:16.954442 7f87625fb700                    Options.write_buffer_manager: 0x7f86ac3be780
2018/11/10-21:53:16.954442 7f87625fb700         Options.access_hint_on_compaction_start: 1
2018/11/10-21:53:16.954443 7f87625fb700  Options.new_table_reader_for_compaction_inputs: 0
2018/11/10-21:53:16.954444 7f87625fb700           Options.random_access_max_buffer_size: 1048576
2018/11/10-21:53:16.954445 7f87625fb700                      Options.use_adaptive_mutex: 0
2018/11/10-21:53:16.954446 7f87625fb700                            Options.rate_limiter: (nil)
2018/11/10-21:53:16.954447 7f87625fb700     Options.sst_file_manager.rate_bytes_per_sec: 0
2018/11/10-21:53:16.954448 7f87625fb700                       Options.wal_recovery_mode: 2
2018/11/10-21:53:16.954449 7f87625fb700                  Options.enable_thread_tracking: 0
2018/11/10-21:53:16.954450 7f87625fb700                  Options.enable_pipelined_write: 1
2018/11/10-21:53:16.954461 7f87625fb700         Options.allow_concurrent_memtable_write: 1
2018/11/10-21:53:16.954463 7f87625fb700      Options.enable_write_thread_adaptive_yield: 1
2018/11/10-21:53:16.954463 7f87625fb700             Options.write_thread_max_yield_usec: 100
2018/11/10-21:53:16.954464 7f87625fb700            Options.write_thread_slow_yield_usec: 3
2018/11/10-21:53:16.954465 7f87625fb700                               Options.row_cache: None
2018/11/10-21:53:16.954466 7f87625fb700                              Options.wal_filter: None
2018/11/10-21:53:16.954467 7f87625fb700             Options.avoid_flush_during_recovery: 0
2018/11/10-21:53:16.954468 7f87625fb700             Options.allow_ingest_behind: 0
2018/11/10-21:53:16.954469 7f87625fb700             Options.preserve_deletes: 0
2018/11/10-21:53:16.954470 7f87625fb700             Options.two_write_queues: 0
2018/11/10-21:53:16.954470 7f87625fb700             Options.manual_wal_flush: 0
2018/11/10-21:53:16.954473 7f87625fb700             Options.max_background_jobs: 24
2018/11/10-21:53:16.954474 7f87625fb700             Options.max_background_compactions: 24
2018/11/10-21:53:16.954474 7f87625fb700             Options.avoid_flush_during_shutdown: 0
2018/11/10-21:53:16.954475 7f87625fb700           Options.writable_file_max_buffer_size: 1048576
2018/11/10-21:53:16.954476 7f87625fb700             Options.delayed_write_rate : 16777216
2018/11/10-21:53:16.954477 7f87625fb700             Options.max_total_wal_size: 0
2018/11/10-21:53:16.954478 7f87625fb700             Options.delete_obsolete_files_period_micros: 21600000000
2018/11/10-21:53:16.954479 7f87625fb700                   Options.stats_dump_period_sec: 60
2018/11/10-21:53:16.954480 7f87625fb700                          Options.max_open_files: -1
2018/11/10-21:53:16.954481 7f87625fb700                          Options.bytes_per_sync: 1048576
2018/11/10-21:53:16.954481 7f87625fb700                      Options.wal_bytes_per_sync: 0
2018/11/10-21:53:16.954482 7f87625fb700       Options.compaction_readahead_size: 0
2018/11/10-21:53:16.954483 7f87625fb700 Compression algorithms supported:
2018/11/10-21:53:16.954484 7f87625fb700 	kZSTDNotFinalCompression supported: 1
2018/11/10-21:53:16.954491 7f87625fb700 	kZSTD supported: 1
2018/11/10-21:53:16.954492 7f87625fb700 	kXpressCompression supported: 0
2018/11/10-21:53:16.954493 7f87625fb700 	kLZ4HCCompression supported: 1
2018/11/10-21:53:16.954494 7f87625fb700 	kLZ4Compression supported: 1
2018/11/10-21:53:16.954495 7f87625fb700 	kBZip2Compression supported: 1
2018/11/10-21:53:16.954496 7f87625fb700 	kZlibCompression supported: 1
2018/11/10-21:53:16.954497 7f87625fb700 	kSnappyCompression supported: 1
2018/11/10-21:53:16.954501 7f87625fb700 Fast CRC32 supported: Supported on x86
2018/11/10-21:53:16.954570 7f87625fb700 [db/db_impl_open.cc:222] Creating manifest 1 
2018/11/10-21:53:17.054751 7f87625fb700 [db/version_set.cc:3085] Recovering from manifest file: MANIFEST-000001
2018/11/10-21:53:17.054843 7f87625fb700 [db/column_family.cc:475] --------------- Options for column family [default]:
2018/11/10-21:53:17.054847 7f87625fb700               Options.comparator: leveldb.BytewiseComparator
2018/11/10-21:53:17.054848 7f87625fb700           Options.merge_operator: None
2018/11/10-21:53:17.054850 7f87625fb700        Options.compaction_filter: None
2018/11/10-21:53:17.054851 7f87625fb700        Options.compaction_filter_factory: None
2018/11/10-21:53:17.054852 7f87625fb700         Options.memtable_factory: SkipListFactory
2018/11/10-21:53:17.054853 7f87625fb700            Options.table_factory: BlockBasedTable
2018/11/10-21:53:17.054885 7f87625fb700            table_factory options:   flush_block_policy_factory: FlushBlockBySizePolicyFactory (0x7f86ac384ca0)
  cache_index_and_filter_blocks: 0
  cache_index_and_filter_blocks_with_high_priority: 0
  pin_l0_filter_and_index_blocks_in_cache: 0
  index_type: 0
  hash_index_allow_collision: 1
  checksum: 1
  no_block_cache: 0
  block_cache: 0x7f86ac38fea0
  block_cache_name: LRUCache
  block_cache_options:
    capacity : 8388608
    num_shard_bits : 4
    strict_capacity_limit : 0
    high_pri_pool_ratio: 0.000
  block_cache_compressed: (nil)
  persistent_cache: (nil)
  block_size: 8192
  block_size_deviation: 10
  block_restart_interval: 16
  index_block_restart_interval: 1
  metadata_block_size: 4096
  partition_filters: 0
  use_delta_encoding: 1
  filter_policy: nullptr
  whole_key_filtering: 1
  verify_compression: 0
  read_amp_bytes_per_bit: 0
  format_version: 2
  enable_index_compression: 1
  block_align: 0
2018/11/10-21:53:17.054901 7f87625fb700        Options.write_buffer_size: 134217728
2018/11/10-21:53:17.054902 7f87625fb700  Options.max_write_buffer_number: 24
2018/11/10-21:53:17.054904 7f87625fb700        Options.compression[0]: NoCompression
2018/11/10-21:53:17.054905 7f87625fb700        Options.compression[1]: NoCompression
2018/11/10-21:53:17.054906 7f87625fb700        Options.compression[2]: LZ4
2018/11/10-21:53:17.054907 7f87625fb700        Options.compression[3]: LZ4
2018/11/10-21:53:17.054908 7f87625fb700        Options.compression[4]: LZ4
2018/11/10-21:53:17.054908 7f87625fb700        Options.compression[5]: LZ4
2018/11/10-21:53:17.054909 7f87625fb700        Options.compression[6]: LZ4
2018/11/10-21:53:17.054910 7f87625fb700                  Options.bottommost_compression: Disabled
2018/11/10-21:53:17.054911 7f87625fb700       Options.prefix_extractor: nullptr
2018/11/10-21:53:17.054912 7f87625fb700   Options.memtable_insert_with_hint_prefix_extractor: nullptr
2018/11/10-21:53:17.054913 7f87625fb700             Options.num_levels: 7
2018/11/10-21:53:17.054914 7f87625fb700        Options.min_write_buffer_number_to_merge: 2
2018/11/10-21:53:17.054915 7f87625fb700     Options.max_write_buffer_number_to_maintain: 0
2018/11/10-21:53:17.054916 7f87625fb700            Options.compression_opts.window_bits: -14
2018/11/10-21:53:17.054917 7f87625fb700                  Options.compression_opts.level: -1
2018/11/10-21:53:17.054918 7f87625fb700               Options.compression_opts.strategy: 0
2018/11/10-21:53:17.054919 7f87625fb700         Options.compression_opts.max_dict_bytes: 0
2018/11/10-21:53:17.054920 7f87625fb700         Options.compression_opts.zstd_max_train_bytes: 0
2018/11/10-21:53:17.054921 7f87625fb700      Options.level0_file_num_compaction_trigger: 2
2018/11/10-21:53:17.054921 7f87625fb700          Options.level0_slowdown_writes_trigger: 20
2018/11/10-21:53:17.054922 7f87625fb700              Options.level0_stop_writes_trigger: 36
2018/11/10-21:53:17.054923 7f87625fb700                   Options.target_file_size_base: 67108864
2018/11/10-21:53:17.054924 7f87625fb700             Options.target_file_size_multiplier: 1
2018/11/10-21:53:17.054925 7f87625fb700                Options.max_bytes_for_level_base: 536870912
2018/11/10-21:53:17.054926 7f87625fb700 Options.level_compaction_dynamic_level_bytes: 0
2018/11/10-21:53:17.054927 7f87625fb700          Options.max_bytes_for_level_multiplier: 10.000000
2018/11/10-21:53:17.054930 7f87625fb700 Options.max_bytes_for_level_multiplier_addtl[0]: 1
2018/11/10-21:53:17.054931 7f87625fb700 Options.max_bytes_for_level_multiplier_addtl[1]: 1
2018/11/10-21:53:17.054932 7f87625fb700 Options.max_bytes_for_level_multiplier_addtl[2]: 1
2018/11/10-21:53:17.054933 7f87625fb700 Options.max_bytes_for_level_multiplier_addtl[3]: 1
2018/11/10-21:53:17.054933 7f87625fb700 Options.max_bytes_for_level_multiplier_addtl[4]: 1
2018/11/10-21:53:17.054934 7f87625fb700 Options.max_bytes_for_level_multiplier_addtl[5]: 1
2018/11/10-21:53:17.054935 7f87625fb700 Options.max_bytes_for_level_multiplier_addtl[6]: 1
2018/11/10-21:53:17.054936 7f87625fb700       Options.max_sequential_skip_in_iterations: 8
2018/11/10-21:53:17.054937 7f87625fb700                    Options.max_compaction_bytes: 1677721600
2018/11/10-21:53:17.054938 7f87625fb700                        Options.arena_block_size: 16777216
2018/11/10-21:53:17.054939 7f87625fb700   Options.soft_pending_compaction_bytes_limit: 68719476736
2018/11/10-21:53:17.054940 7f87625fb700   Options.hard_pending_compaction_bytes_limit: 274877906944
2018/11/10-21:53:17.054959 7f87625fb700       Options.rate_limit_delay_max_milliseconds: 100
2018/11/10-21:53:17.054960 7f87625fb700                Options.disable_auto_compactions: 0
2018/11/10-21:53:17.054963 7f87625fb700                        Options.compaction_style: kCompactionStyleLevel
2018/11/10-21:53:17.054964 7f87625fb700                          Options.compaction_pri: kByCompensatedSize
2018/11/10-21:53:17.054965 7f87625fb700 Options.compaction_options_universal.size_ratio: 1
2018/11/10-21:53:17.054966 7f87625fb700 Options.compaction_options_universal.min_merge_width: 2
2018/11/10-21:53:17.054967 7f87625fb700 Options.compaction_options_universal.max_merge_width: 4294967295
2018/11/10-21:53:17.054968 7f87625fb700 Options.compaction_options_universal.max_size_amplification_percent: 200
2018/11/10-21:53:17.054968 7f87625fb700 Options.compaction_options_universal.compression_size_percent: -1
2018/11/10-21:53:17.054970 7f87625fb700 Options.compaction_options_universal.stop_style: kCompactionStopStyleTotalSize
2018/11/10-21:53:17.054971 7f87625fb700 Options.compaction_options_fifo.max_table_files_size: 1073741824
2018/11/10-21:53:17.054972 7f87625fb700 Options.compaction_options_fifo.allow_compaction: 0
2018/11/10-21:53:17.054973 7f87625fb700 Options.compaction_options_fifo.ttl: 0
2018/11/10-21:53:17.054974 7f87625fb700                   Options.table_properties_collectors: 
2018/11/10-21:53:17.054975 7f87625fb700                   Options.inplace_update_support: 0
2018/11/10-21:53:17.054976 7f87625fb700                 Options.inplace_update_num_locks: 10000
2018/11/10-21:53:17.054977 7f87625fb700               Options.memtable_prefix_bloom_size_ratio: 0.000000
2018/11/10-21:53:17.054978 7f87625fb700   Options.memtable_huge_page_size: 0
2018/11/10-21:53:17.054979 7f87625fb700                           Options.bloom_locality: 0
2018/11/10-21:53:17.054980 7f87625fb700                    Options.max_successive_merges: 0
2018/11/10-21:53:17.054981 7f87625fb700                Options.optimize_filters_for_hits: 0
2018/11/10-21:53:17.054982 7f87625fb700                Options.paranoid_file_checks: 0
2018/11/10-21:53:17.054982 7f87625fb700                Options.force_consistency_checks: 0
2018/11/10-21:53:17.054983 7f87625fb700                Options.report_bg_io_stats: 0
2018/11/10-21:53:17.054984 7f87625fb700                               Options.ttl: 0
2018/11/10-21:53:17.055792 7f87625fb700 [db/version_set.cc:3361] Recovered from manifest file:/mnt/sdb/ycsb-rocksdb-data/MANIFEST-000001 succeeded,manifest_file_number is 1, next_file_number is 3, last_sequence is 0, log_number is 0,prev_log_number is 0,max_column_family is 0,min_log_number_to_keep is 0
2018/11/10-21:53:17.055798 7f87625fb700 [db/version_set.cc:3369] Column family [default] (ID 0), log number is 0
2018/11/10-21:53:17.055977 7f87625fb700 [db/version_set.cc:2847] Creating manifest 4
2018/11/10-21:53:17.127077 7f87625fb700 [db/column_family.cc:475] --------------- Options for column family [usertable]:
2018/11/10-21:53:17.127081 7f87625fb700               Options.comparator: leveldb.BytewiseComparator
2018/11/10-21:53:17.127082 7f87625fb700           Options.merge_operator: None
2018/11/10-21:53:17.127083 7f87625fb700        Options.compaction_filter: None
2018/11/10-21:53:17.127084 7f87625fb700        Options.compaction_filter_factory: None
2018/11/10-21:53:17.127085 7f87625fb700         Options.memtable_factory: SkipListFactory
2018/11/10-21:53:17.127086 7f87625fb700            Options.table_factory: BlockBasedTable
2018/11/10-21:53:17.127110 7f87625fb700            table_factory options:   flush_block_policy_factory: FlushBlockBySizePolicyFactory (0x7f86ac384c80)
  cache_index_and_filter_blocks: 0
  cache_index_and_filter_blocks_with_high_priority: 0
  pin_l0_filter_and_index_blocks_in_cache: 0
  index_type: 0
  hash_index_allow_collision: 1
  checksum: 1
  no_block_cache: 0
  block_cache: 0x7f86ac390670
  block_cache_name: LRUCache
  block_cache_options:
    capacity : 8388608
    num_shard_bits : 4
    strict_capacity_limit : 0
    high_pri_pool_ratio: 0.000
  block_cache_compressed: (nil)
  persistent_cache: (nil)
  block_size: 8192
  block_size_deviation: 10
  block_restart_interval: 16
  index_block_restart_interval: 1
  metadata_block_size: 4096
  partition_filters: 0
  use_delta_encoding: 1
  filter_policy: nullptr
  whole_key_filtering: 1
  verify_compression: 0
  read_amp_bytes_per_bit: 0
  format_version: 2
  enable_index_compression: 1
  block_align: 0
2018/11/10-21:53:17.127113 7f87625fb700        Options.write_buffer_size: 134217728
2018/11/10-21:53:17.127114 7f87625fb700  Options.max_write_buffer_number: 24
2018/11/10-21:53:17.127115 7f87625fb700        Options.compression[0]: NoCompression
2018/11/10-21:53:17.127116 7f87625fb700        Options.compression[1]: NoCompression
2018/11/10-21:53:17.127117 7f87625fb700        Options.compression[2]: LZ4
2018/11/10-21:53:17.127118 7f87625fb700        Options.compression[3]: LZ4
2018/11/10-21:53:17.127119 7f87625fb700        Options.compression[4]: LZ4
2018/11/10-21:53:17.127119 7f87625fb700        Options.compression[5]: LZ4
2018/11/10-21:53:17.127120 7f87625fb700        Options.compression[6]: LZ4
2018/11/10-21:53:17.127121 7f87625fb700                  Options.bottommost_compression: Disabled
2018/11/10-21:53:17.127122 7f87625fb700       Options.prefix_extractor: nullptr
2018/11/10-21:53:17.127123 7f87625fb700   Options.memtable_insert_with_hint_prefix_extractor: nullptr
2018/11/10-21:53:17.127124 7f87625fb700             Options.num_levels: 7
2018/11/10-21:53:17.127125 7f87625fb700        Options.min_write_buffer_number_to_merge: 2
2018/11/10-21:53:17.127126 7f87625fb700     Options.max_write_buffer_number_to_maintain: 0
2018/11/10-21:53:17.127127 7f87625fb700            Options.compression_opts.window_bits: -14
2018/11/10-21:53:17.127128 7f87625fb700                  Options.compression_opts.level: -1
2018/11/10-21:53:17.127128 7f87625fb700               Options.compression_opts.strategy: 0
2018/11/10-21:53:17.127129 7f87625fb700         Options.compression_opts.max_dict_bytes: 0
2018/11/10-21:53:17.127130 7f87625fb700         Options.compression_opts.zstd_max_train_bytes: 0
2018/11/10-21:53:17.127131 7f87625fb700      Options.level0_file_num_compaction_trigger: 2
2018/11/10-21:53:17.127132 7f87625fb700          Options.level0_slowdown_writes_trigger: 20
2018/11/10-21:53:17.127133 7f87625fb700              Options.level0_stop_writes_trigger: 36
2018/11/10-21:53:17.127134 7f87625fb700                   Options.target_file_size_base: 67108864
2018/11/10-21:53:17.127135 7f87625fb700             Options.target_file_size_multiplier: 1
2018/11/10-21:53:17.127135 7f87625fb700                Options.max_bytes_for_level_base: 536870912
2018/11/10-21:53:17.127136 7f87625fb700 Options.level_compaction_dynamic_level_bytes: 0
2018/11/10-21:53:17.127137 7f87625fb700          Options.max_bytes_for_level_multiplier: 10.000000
2018/11/10-21:53:17.127139 7f87625fb700 Options.max_bytes_for_level_multiplier_addtl[0]: 1
2018/11/10-21:53:17.127150 7f87625fb700 Options.max_bytes_for_level_multiplier_addtl[1]: 1
2018/11/10-21:53:17.127151 7f87625fb700 Options.max_bytes_for_level_multiplier_addtl[2]: 1
2018/11/10-21:53:17.127152 7f87625fb700 Options.max_bytes_for_level_multiplier_addtl[3]: 1
2018/11/10-21:53:17.127153 7f87625fb700 Options.max_bytes_for_level_multiplier_addtl[4]: 1
2018/11/10-21:53:17.127154 7f87625fb700 Options.max_bytes_for_level_multiplier_addtl[5]: 1
2018/11/10-21:53:17.127155 7f87625fb700 Options.max_bytes_for_level_multiplier_addtl[6]: 1
2018/11/10-21:53:17.127156 7f87625fb700       Options.max_sequential_skip_in_iterations: 8
2018/11/10-21:53:17.127156 7f87625fb700                    Options.max_compaction_bytes: 1677721600
2018/11/10-21:53:17.127157 7f87625fb700                        Options.arena_block_size: 16777216
2018/11/10-21:53:17.127158 7f87625fb700   Options.soft_pending_compaction_bytes_limit: 68719476736
2018/11/10-21:53:17.127159 7f87625fb700   Options.hard_pending_compaction_bytes_limit: 274877906944
2018/11/10-21:53:17.127160 7f87625fb700       Options.rate_limit_delay_max_milliseconds: 100
2018/11/10-21:53:17.127161 7f87625fb700                Options.disable_auto_compactions: 0
2018/11/10-21:53:17.127163 7f87625fb700                        Options.compaction_style: kCompactionStyleLevel
2018/11/10-21:53:17.127164 7f87625fb700                          Options.compaction_pri: kByCompensatedSize
2018/11/10-21:53:17.127165 7f87625fb700 Options.compaction_options_universal.size_ratio: 1
2018/11/10-21:53:17.127166 7f87625fb700 Options.compaction_options_universal.min_merge_width: 2
2018/11/10-21:53:17.127166 7f87625fb700 Options.compaction_options_universal.max_merge_width: 4294967295
2018/11/10-21:53:17.127167 7f87625fb700 Options.compaction_options_universal.max_size_amplification_percent: 200
2018/11/10-21:53:17.127168 7f87625fb700 Options.compaction_options_universal.compression_size_percent: -1
2018/11/10-21:53:17.127169 7f87625fb700 Options.compaction_options_universal.stop_style: kCompactionStopStyleTotalSize
2018/11/10-21:53:17.127170 7f87625fb700 Options.compaction_options_fifo.max_table_files_size: 1073741824
2018/11/10-21:53:17.127171 7f87625fb700 Options.compaction_options_fifo.allow_compaction: 0
2018/11/10-21:53:17.127172 7f87625fb700 Options.compaction_options_fifo.ttl: 0
2018/11/10-21:53:17.127173 7f87625fb700                   Options.table_properties_collectors: 
2018/11/10-21:53:17.127174 7f87625fb700                   Options.inplace_update_support: 0
2018/11/10-21:53:17.127175 7f87625fb700                 Options.inplace_update_num_locks: 10000
2018/11/10-21:53:17.127176 7f87625fb700               Options.memtable_prefix_bloom_size_ratio: 0.000000
2018/11/10-21:53:17.127177 7f87625fb700   Options.memtable_huge_page_size: 0
2018/11/10-21:53:17.127178 7f87625fb700                           Options.bloom_locality: 0
2018/11/10-21:53:17.127179 7f87625fb700                    Options.max_successive_merges: 0
2018/11/10-21:53:17.127180 7f87625fb700                Options.optimize_filters_for_hits: 0
2018/11/10-21:53:17.127181 7f87625fb700                Options.paranoid_file_checks: 0
2018/11/10-21:53:17.127181 7f87625fb700                Options.force_consistency_checks: 0
2018/11/10-21:53:17.127182 7f87625fb700                Options.report_bg_io_stats: 0
2018/11/10-21:53:17.127183 7f87625fb700                               Options.ttl: 0
2018/11/10-21:53:17.127225 7f87625fb700 [db/db_impl.cc:1396] Created column family [usertable] (ID 1)
2018/11/10-21:53:17.208382 7f87625fb700 [db/db_impl_open.cc:1219] DB pointer 0x7f86ac3c2c90
2018/11/10-21:53:17.542816 7f87619e0700 [db/db_impl_write.cc:1373] [usertable] New memtable created with log file: #9. Immutable memtables: 0.
2018/11/10-21:53:17.762881 7f87619e0700 [db/db_impl_write.cc:1373] [usertable] New memtable created with log file: #10. Immutable memtables: 1.
2018/11/10-21:53:17.763012 7f873a7fc700 [db/db_impl_compaction_flush.cc:80] [JOB 2] Syncing log #3
2018/11/10-21:53:17.969089 7f87610d7700 [db/db_impl_write.cc:1373] [usertable] New memtable created with log file: #12. Immutable memtables: 2.
2018/11/10-21:53:18.188401 7f8761fe6700 [db/db_impl_write.cc:1373] [usertable] New memtable created with log file: #13. Immutable memtables: 3.
2018/11/10-21:53:18.202258 7f873a7fc700 [db/db_impl_compaction_flush.cc:80] [JOB 2] Syncing log #9
2018/11/10-21:53:18.399990 7f8761de4700 [db/db_impl_write.cc:1373] [usertable] New memtable created with log file: #15. Immutable memtables: 4.
2018/11/10-21:53:18.619457 7f87619e0700 [db/db_impl_write.cc:1373] [usertable] New memtable created with log file: #16. Immutable memtables: 5.
2018/11/10-21:53:18.729783 7f873a7fc700 (Original Log Time 2018/11/10-21:53:17.762965) [db/db_impl_compaction_flush.cc:1424] Calling FlushMemTableToOutputFile with column family [usertable], flush slots available 24, compaction slots available 1, flush slots scheduled 1, compaction slots scheduled 0
2018/11/10-21:53:18.729797 7f873a7fc700 [db/flush_job.cc:301] [usertable] [JOB 2] Flushing memtable with next log file: 9
2018/11/10-21:53:18.729797 7f87397fa700 [db/db_impl_compaction_flush.cc:80] [JOB 4] Syncing log #10
2018/11/10-21:53:18.729809 7f873a7fc700 [db/flush_job.cc:301] [usertable] [JOB 2] Flushing memtable with next log file: 10
2018/11/10-21:53:18.729854 7f873a7fc700 EVENT_LOG_v1 {"time_micros": 1541915598729835, "job": 2, "event": "flush_started", "num_memtables": 2, "num_entries": 56505, "num_deletes": 0, "memory_usage": 234194320, "flush_reason": "Write Buffer Full"}
2018/11/10-21:53:18.729866 7f873a7fc700 [db/flush_job.cc:331] [usertable] [JOB 2] Level-0 flush table #11: started
2018/11/10-21:53:18.819973 7f8760bd2700 [db/db_impl_write.cc:1373] [usertable] New memtable created with log file: #18. Immutable memtables: 6.
2018/11/10-21:53:19.043293 7f8760dd4700 [db/db_impl_write.cc:1373] [usertable] New memtable created with log file: #19. Immutable memtables: 7.
2018/11/10-21:53:19.267272 7f87617de700 [db/db_impl_write.cc:1373] [usertable] New memtable created with log file: #21. Immutable memtables: 8.
2018/11/10-21:53:19.470121 7f87613da700 [db/db_impl_write.cc:1373] [usertable] New memtable created with log file: #22. Immutable memtables: 9.
2018/11/10-21:53:19.678307 7f8760cd3700 [db/db_impl_write.cc:1373] [usertable] New memtable created with log file: #24. Immutable memtables: 10.
2018/11/10-21:53:19.923685 7f87610d7700 [db/db_impl_write.cc:1373] [usertable] New memtable created with log file: #25. Immutable memtables: 11.
2018/11/10-21:53:20.184747 7f8761de4700 [db/db_impl_write.cc:1373] [usertable] New memtable created with log file: #27. Immutable memtables: 12.
2018/11/10-21:53:20.398968 7f87617de700 [db/db_impl_write.cc:1373] [usertable] New memtable created with log file: #28. Immutable memtables: 13.
2018/11/10-21:53:20.601116 7f87612d9700 [db/db_impl_write.cc:1373] [usertable] New memtable created with log file: #30. Immutable memtables: 14.
2018/11/10-21:53:20.810174 7f8760dd4700 [db/db_impl_write.cc:1373] [usertable] New memtable created with log file: #31. Immutable memtables: 15.
2018/11/10-21:53:21.016163 7f87623f9700 [db/db_impl_write.cc:1373] [usertable] New memtable created with log file: #33. Immutable memtables: 16.
2018/11/10-21:53:21.189113 7f87397fa700 [db/db_impl_compaction_flush.cc:80] [JOB 4] Syncing log #12
2018/11/10-21:53:21.190047 7f873a7fc700 EVENT_LOG_v1 {"time_micros": 1541915601190025, "cf_name": "usertable", "job": 2, "event": "table_file_creation", "file_number": 11, "file_size": 234009877, "table_properties": {"data_size": 232970129, "index_size": 1038821, "filter_size": 0, "raw_key_size": 1356120, "raw_average_key_size": 24, "raw_value_size": 231444480, "raw_average_value_size": 4096, "num_data_blocks": 28253, "num_entries": 56505, "filter_policy_name": "", "kDeletedKeys": "0", "kMergeOperands": "0"}}
2018/11/10-21:53:21.190081 7f873a7fc700 [db/flush_job.cc:371] [usertable] [JOB 2] Level-0 flush table #11: 234009877 bytes OK
2018/11/10-21:53:21.226097 7f8761de4700 [db/db_impl_write.cc:1373] [usertable] New memtable created with log file: #34. Immutable memtables: 17.
2018/11/10-21:53:21.317333 7f873a7fc700 (Original Log Time 2018/11/10-21:53:21.190100) [db/memtable_list.cc:377] [usertable] Level-0 commit table #11 started
2018/11/10-21:53:21.317338 7f873a7fc700 (Original Log Time 2018/11/10-21:53:21.317217) [db/memtable_list.cc:409] [usertable] Level-0 commit table #11: memtable #1 done
2018/11/10-21:53:21.317339 7f873a7fc700 (Original Log Time 2018/11/10-21:53:21.317236) [db/memtable_list.cc:409] [usertable] Level-0 commit table #11: memtable #2 done
2018/11/10-21:53:21.317341 7f873a7fc700 (Original Log Time 2018/11/10-21:53:21.317271) EVENT_LOG_v1 {"time_micros": 1541915601317258, "job": 2, "event": "flush_finished", "output_compression": "NoCompression", "lsm_state": [1, 0, 0, 0, 0, 0, 0], "immutable_memtables": 16}
2018/11/10-21:53:21.317343 7f873a7fc700 (Original Log Time 2018/11/10-21:53:21.317300) [db/db_impl_compaction_flush.cc:177] [usertable] Level summary: base level 1 max bytes base 536870912 files[1 0 0 0 0 0 0] max score 0.50
2018/11/10-21:53:21.317355 7f873a7fc700 [db/db_impl_files.cc:347] [JOB 2] Try to delete WAL files size 232710621, prev total WAL file size 2126335679, number of live WAL files 19.
2018/11/10-21:53:21.458996 7f8760cd3700 [db/db_impl_write.cc:1373] [usertable] New memtable created with log file: #36. Immutable memtables: 16.
2018/11/10-21:53:21.632861 7f87397fa700 [db/db_impl_compaction_flush.cc:80] [JOB 4] Syncing log #13
2018/11/10-21:53:21.663918 7f8760dd4700 [db/db_impl_write.cc:1373] [usertable] New memtable created with log file: #37. Immutable memtables: 17.
2018/11/10-21:53:21.869393 7f87609d0700 [db/db_impl_write.cc:1373] [usertable] New memtable created with log file: #39. Immutable memtables: 18.
2018/11/10-21:53:22.071824 7f87618df700 [db/db_impl_write.cc:1373] [usertable] New memtable created with log file: #40. Immutable memtables: 19.
2018/11/10-21:53:22.275801 7f87612d9700 [db/db_impl_write.cc:1373] [usertable] New memtable created with log file: #42. Immutable memtables: 20.
2018/11/10-21:53:22.477033 7f87623f9700 [db/db_impl_write.cc:1373] [usertable] New memtable created with log file: #43. Immutable memtables: 21.
2018/11/10-21:53:22.642144 7f87397fa700 [db/db_impl_compaction_flush.cc:80] [JOB 4] Syncing log #15
2018/11/10-21:53:22.679788 7f8760fd6700 [db/db_impl_write.cc:1373] [usertable] New memtable created with log file: #45. Immutable memtables: 22.
2018/11/10-21:53:22.679827 7f8760fd6700 [WARN] [db/column_family.cc:779] [usertable] Stalling writes because we have 23 immutable memtables (waiting for flush), max_write_buffer_number is set to 24 rate 16777216
2018/11/10-21:53:23.733881 7f87397fa700 (Original Log Time 2018/11/10-21:53:18.619506) [db/db_impl_compaction_flush.cc:1424] Calling FlushMemTableToOutputFile with column family [usertable], flush slots available 24, compaction slots available 1, flush slots scheduled 3, compaction slots scheduled 0
2018/11/10-21:53:23.733908 7f87397fa700 [db/flush_job.cc:301] [usertable] [JOB 4] Flushing memtable with next log file: 15
2018/11/10-21:53:23.733907 7f8739ffb700 (Original Log Time 2018/11/10-21:53:18.188458) [db/db_impl_compaction_flush.cc:1424] Calling FlushMemTableToOutputFile with column family [usertable], flush slots available 24, compaction slots available 1, flush slots scheduled 2, compaction slots scheduled 0
2018/11/10-21:53:23.733912 7f8739ffb700 [db/flush_job.cc:301] [usertable] [JOB 3] Flushing memtable with next log file: 12
2018/11/10-21:53:23.733915 7f87397fa700 [db/flush_job.cc:301] [usertable] [JOB 4] Flushing memtable with next log file: 16
2018/11/10-21:53:23.733919 7f8739ffb700 [db/flush_job.cc:301] [usertable] [JOB 3] Flushing memtable with next log file: 13
2018/11/10-21:53:23.733945 7f8738ff9700 [db/db_impl_compaction_flush.cc:80] [JOB 5] Syncing log #16
2018/11/10-21:53:23.733957 7f87397fa700 EVENT_LOG_v1 {"time_micros": 1541915603733946, "job": 4, "event": "flush_started", "num_memtables": 2, "num_entries": 56276, "num_deletes": 0, "memory_usage": 233232992, "flush_reason": "Write Buffer Full"}
2018/11/10-21:53:23.733957 7f8739ffb700 EVENT_LOG_v1 {"time_micros": 1541915603733946, "job": 3, "event": "flush_started", "num_memtables": 2, "num_entries": 52812, "num_deletes": 0, "memory_usage": 234469568, "flush_reason": "Write Buffer Full"}
2018/11/10-21:53:23.733967 7f8739ffb700 [db/flush_job.cc:331] [usertable] [JOB 3] Level-0 flush table #14: started
2018/11/10-21:53:23.733967 7f87397fa700 [db/flush_job.cc:331] [usertable] [JOB 4] Level-0 flush table #17: started
2018/11/10-21:53:24.528965 7f8738ff9700 [db/db_impl_compaction_flush.cc:80] [JOB 5] Syncing log #18
2018/11/10-21:53:27.158737 7f8738ff9700 (Original Log Time 2018/11/10-21:53:19.043350) [db/db_impl_compaction_flush.cc:1424] Calling FlushMemTableToOutputFile with column family [usertable], flush slots available 24, compaction slots available 1, flush slots scheduled 4, compaction slots scheduled 0
2018/11/10-21:53:27.158762 7f8738ff9700 [db/flush_job.cc:301] [usertable] [JOB 5] Flushing memtable with next log file: 18
2018/11/10-21:53:27.158769 7f8738ff9700 [db/flush_job.cc:301] [usertable] [JOB 5] Flushing memtable with next log file: 19
2018/11/10-21:53:27.158764 7f8733fff700 [db/db_impl_compaction_flush.cc:80] [JOB 6] Syncing log #19
2018/11/10-21:53:27.158799 7f8738ff9700 EVENT_LOG_v1 {"time_micros": 1541915607158788, "job": 5, "event": "flush_started", "num_memtables": 2, "num_entries": 56392, "num_deletes": 0, "memory_usage": 233716664, "flush_reason": "Write Buffer Full"}
2018/11/10-21:53:27.158806 7f8738ff9700 [db/flush_job.cc:331] [usertable] [JOB 5] Level-0 flush table #20: started
2018/11/10-21:53:28.988769 7f87397fa700 EVENT_LOG_v1 {"time_micros": 1541915608988742, "cf_name": "usertable", "job": 4, "event": "table_file_creation", "file_number": 17, "file_size": 233073969, "table_properties": {"data_size": 232032200, "index_size": 1040842, "filter_size": 0, "raw_key_size": 1350624, "raw_average_key_size": 24, "raw_value_size": 230506496, "raw_average_value_size": 4096, "num_data_blocks": 28138, "num_entries": 56276, "filter_policy_name": "", "kDeletedKeys": "0", "kMergeOperands": "0"}}
2018/11/10-21:53:28.988771 7f8738ff9700 EVENT_LOG_v1 {"time_micros": 1541915608988742, "cf_name": "usertable", "job": 5, "event": "table_file_creation", "file_number": 20, "file_size": 233554397, "table_properties": {"data_size": 232510482, "index_size": 1042988, "filter_size": 0, "raw_key_size": 1353408, "raw_average_key_size": 24, "raw_value_size": 230981632, "raw_average_value_size": 4096, "num_data_blocks": 28196, "num_entries": 56392, "filter_policy_name": "", "kDeletedKeys": "0", "kMergeOperands": "0"}}
2018/11/10-21:53:28.988781 7f8738ff9700 [db/flush_job.cc:371] [usertable] [JOB 5] Level-0 flush table #20: 233554397 bytes OK
2018/11/10-21:53:28.988798 7f87397fa700 [db/flush_job.cc:371] [usertable] [JOB 4] Level-0 flush table #17: 233073969 bytes OK
2018/11/10-21:53:28.988870 7f8738ff9700 [WARN] [db/column_family.cc:779] [usertable] Stalling writes because we have 23 immutable memtables (waiting for flush), max_write_buffer_number is set to 24 rate 16777216
2018/11/10-21:53:28.988905 7f8738ff9700 (Original Log Time 2018/11/10-21:53:28.988848) EVENT_LOG_v1 {"time_micros": 1541915608988840, "job": 5, "event": "flush_finished", "output_compression": "NoCompression", "lsm_state": [1, 0, 0, 0, 0, 0, 0], "immutable_memtables": 23}
2018/11/10-21:53:28.988920 7f8738ff9700 (Original Log Time 2018/11/10-21:53:28.988888) [db/db_impl_compaction_flush.cc:177] [usertable] Level summary: base level 1 max bytes base 536870912 files[1 0 0 0 0 0 0] max score 0.50
2018/11/10-21:53:28.988936 7f87397fa700 [WARN] [db/column_family.cc:779] [usertable] Stalling writes because we have 23 immutable memtables (waiting for flush), max_write_buffer_number is set to 24 rate 16777216
2018/11/10-21:53:28.988953 7f87397fa700 (Original Log Time 2018/11/10-21:53:28.988931) EVENT_LOG_v1 {"time_micros": 1541915608988926, "job": 4, "event": "flush_finished", "output_compression": "NoCompression", "lsm_state": [1, 0, 0, 0, 0, 0, 0], "immutable_memtables": 23}
2018/11/10-21:53:28.988955 7f87397fa700 (Original Log Time 2018/11/10-21:53:28.988944) [db/db_impl_compaction_flush.cc:177] [usertable] Level summary: base level 1 max bytes base 536870912 files[1 0 0 0 0 0 0] max score 0.50
2018/11/10-21:53:29.013333 7f8739ffb700 EVENT_LOG_v1 {"time_micros": 1541915609013312, "cf_name": "usertable", "job": 3, "event": "table_file_creation", "file_number": 14, "file_size": 218727429, "table_properties": {"data_size": 217749744, "index_size": 976758, "filter_size": 0, "raw_key_size": 1267488, "raw_average_key_size": 24, "raw_value_size": 216317952, "raw_average_value_size": 4096, "num_data_blocks": 26406, "num_entries": 52812, "filter_policy_name": "", "kDeletedKeys": "0", "kMergeOperands": "0"}}
2018/11/10-21:53:29.013353 7f8739ffb700 [db/flush_job.cc:371] [usertable] [JOB 3] Level-0 flush table #14: 218727429 bytes OK
2018/11/10-21:53:29.029236 7f8733fff700 [db/db_impl_compaction_flush.cc:80] [JOB 6] Syncing log #21
2018/11/10-21:53:29.049388 7f8760ed5700 [db/db_impl_write.cc:1373] [usertable] New memtable created with log file: #46. Immutable memtables: 23.
2018/11/10-21:53:29.049410 7f8760ed5700 [WARN] [db/column_family.cc:743] [usertable] Stopping writes because we have 24 immutable memtables (waiting for flush), max_write_buffer_number is set to 24
2018/11/10-21:53:29.171648 7f8739ffb700 [db/column_family.cc:837] [usertable] Increasing compaction threads because we have 4 level-0 files 
2018/11/10-21:53:29.171695 7f8739ffb700 (Original Log Time 2018/11/10-21:53:29.013365) [db/memtable_list.cc:377] [usertable] Level-0 commit table #14 started
2018/11/10-21:53:29.171698 7f8739ffb700 (Original Log Time 2018/11/10-21:53:29.013366) [db/memtable_list.cc:377] [usertable] Level-0 commit table #17 started
2018/11/10-21:53:29.171699 7f8739ffb700 (Original Log Time 2018/11/10-21:53:29.013367) [db/memtable_list.cc:377] [usertable] Level-0 commit table #20 started
2018/11/10-21:53:29.171701 7f8739ffb700 (Original Log Time 2018/11/10-21:53:29.171618) [db/memtable_list.cc:409] [usertable] Level-0 commit table #14: memtable #1 done
2018/11/10-21:53:29.171702 7f8739ffb700 (Original Log Time 2018/11/10-21:53:29.171621) [db/memtable_list.cc:409] [usertable] Level-0 commit table #14: memtable #2 done
2018/11/10-21:53:29.171704 7f8739ffb700 (Original Log Time 2018/11/10-21:53:29.171621) [db/memtable_list.cc:409] [usertable] Level-0 commit table #17: memtable #3 done
2018/11/10-21:53:29.171705 7f8739ffb700 (Original Log Time 2018/11/10-21:53:29.171622) [db/memtable_list.cc:409] [usertable] Level-0 commit table #17: memtable #4 done
2018/11/10-21:53:29.171706 7f8739ffb700 (Original Log Time 2018/11/10-21:53:29.171622) [db/memtable_list.cc:409] [usertable] Level-0 commit table #20: memtable #5 done
2018/11/10-21:53:29.171708 7f8739ffb700 (Original Log Time 2018/11/10-21:53:29.171623) [db/memtable_list.cc:409] [usertable] Level-0 commit table #20: memtable #6 done
2018/11/10-21:53:29.171709 7f8739ffb700 (Original Log Time 2018/11/10-21:53:29.171639) EVENT_LOG_v1 {"time_micros": 1541915609171632, "job": 3, "event": "flush_finished", "output_compression": "NoCompression", "lsm_state": [4, 0, 0, 0, 0, 0, 0], "immutable_memtables": 18}
2018/11/10-21:53:29.171711 7f8739ffb700 (Original Log Time 2018/11/10-21:53:29.171676) [db/db_impl_compaction_flush.cc:177] [usertable] Level summary: base level 1 max bytes base 536870912 files[4 0 0 0 0 0 0] max score 2.00
2018/11/10-21:53:29.171726 7f8739ffb700 [db/db_impl_files.cc:347] [JOB 3] Try to delete WAL files size 681470616, prev total WAL file size 2761660588, number of live WAL files 25.
2018/11/10-21:53:29.171965 7f8753fff700 [WARN] [db/db_impl.cc:491] ------- DUMPING STATS -------
2018/11/10-21:53:29.172003 7f8753fff700 [WARN] [db/db_impl.cc:492] 
** DB Stats **
Uptime(secs): 12.1 total, 12.1 interval
Cumulative writes: 727K writes, 727K keys, 65K commit groups, 11.2 writes per commit group, ingest: 2.79 GB, 235.68 MB/s
Cumulative WAL: 727K writes, 0 syncs, 727129.00 writes per sync, written: 2.79 GB, 235.68 MB/s
Cumulative stall: 00:00:6.084 H:M:S, 50.2 percent
Interval writes: 727K writes, 727K keys, 65K commit groups, 11.2 writes per commit group, ingest: 2855.65 MB, 235.68 MB/s
