2018/10/25-23:04:48.834802 7fc6ce9ff700 RocksDB version: 5.14.3
2018/10/25-23:04:48.834883 7fc6ce9ff700 Git sha rocksdb_build_git_sha:
2018/10/25-23:04:48.834886 7fc6ce9ff700 Compile date Oct 15 2018
2018/10/25-23:04:48.834890 7fc6ce9ff700 DB SUMMARY
2018/10/25-23:04:48.835395 7fc6ce9ff700 CURRENT file:  CURRENT
2018/10/25-23:04:48.835400 7fc6ce9ff700 IDENTITY file:  IDENTITY
2018/10/25-23:04:48.835631 7fc6ce9ff700 MANIFEST file:  MANIFEST-042681 size: 49256 Bytes
2018/10/25-23:04:48.835638 7fc6ce9ff700 SST files in /mnt/sdb1/ycsb-rocksdb-data dir, Total Num: 284, files: 040391.sst 040407.sst 040413.sst 040536.sst 040538.sst 040539.sst 040542.sst 040637.sst 040638.sst 
2018/10/25-23:04:48.835640 7fc6ce9ff700 Write Ahead Log file in /mnt/sdb1/ycsb-rocksdb-data: 043137.log size: 107153466 ; 043140.log size: 6631967 ; 
2018/10/25-23:04:48.835648 7fc6ce9ff700                         Options.error_if_exists: 0
2018/10/25-23:04:48.835649 7fc6ce9ff700                       Options.create_if_missing: 1
2018/10/25-23:04:48.835650 7fc6ce9ff700                         Options.paranoid_checks: 1
2018/10/25-23:04:48.835651 7fc6ce9ff700                                     Options.env: 0x7fc6cc9c23e0
2018/10/25-23:04:48.835652 7fc6ce9ff700                                Options.info_log: 0x7fc6203dbb40
2018/10/25-23:04:48.835653 7fc6ce9ff700                Options.max_file_opening_threads: 16
2018/10/25-23:04:48.835654 7fc6ce9ff700                              Options.statistics: (nil)
2018/10/25-23:04:48.835655 7fc6ce9ff700                               Options.use_fsync: 0
2018/10/25-23:04:48.835656 7fc6ce9ff700                       Options.max_log_file_size: 0
2018/10/25-23:04:48.835657 7fc6ce9ff700                  Options.max_manifest_file_size: 18446744073709551615
2018/10/25-23:04:48.835658 7fc6ce9ff700                   Options.log_file_time_to_roll: 0
2018/10/25-23:04:48.835659 7fc6ce9ff700                       Options.keep_log_file_num: 1000
2018/10/25-23:04:48.835660 7fc6ce9ff700                    Options.recycle_log_file_num: 0
2018/10/25-23:04:48.835661 7fc6ce9ff700                         Options.allow_fallocate: 1
2018/10/25-23:04:48.835662 7fc6ce9ff700                        Options.allow_mmap_reads: 0
2018/10/25-23:04:48.835663 7fc6ce9ff700                       Options.allow_mmap_writes: 0
2018/10/25-23:04:48.835663 7fc6ce9ff700                        Options.use_direct_reads: 0
2018/10/25-23:04:48.835664 7fc6ce9ff700                        Options.use_direct_io_for_flush_and_compaction: 0
2018/10/25-23:04:48.835665 7fc6ce9ff700          Options.create_missing_column_families: 1
2018/10/25-23:04:48.835666 7fc6ce9ff700                              Options.db_log_dir: 
2018/10/25-23:04:48.835667 7fc6ce9ff700                                 Options.wal_dir: /mnt/sdb1/ycsb-rocksdb-data
2018/10/25-23:04:48.835668 7fc6ce9ff700                Options.table_cache_numshardbits: 6
2018/10/25-23:04:48.835669 7fc6ce9ff700                      Options.max_subcompactions: 4
2018/10/25-23:04:48.835670 7fc6ce9ff700                  Options.max_background_flushes: 24
2018/10/25-23:04:48.835671 7fc6ce9ff700                         Options.WAL_ttl_seconds: 0
2018/10/25-23:04:48.835671 7fc6ce9ff700                       Options.WAL_size_limit_MB: 0
2018/10/25-23:04:48.835672 7fc6ce9ff700             Options.manifest_preallocation_size: 4194304
2018/10/25-23:04:48.835673 7fc6ce9ff700                     Options.is_fd_close_on_exec: 1
2018/10/25-23:04:48.835674 7fc6ce9ff700                   Options.advise_random_on_open: 1
2018/10/25-23:04:48.835675 7fc6ce9ff700                    Options.db_write_buffer_size: 0
2018/10/25-23:04:48.835676 7fc6ce9ff700                    Options.write_buffer_manager: 0x7fc6203d64b0
2018/10/25-23:04:48.835676 7fc6ce9ff700         Options.access_hint_on_compaction_start: 1
2018/10/25-23:04:48.835677 7fc6ce9ff700  Options.new_table_reader_for_compaction_inputs: 0
2018/10/25-23:04:48.835678 7fc6ce9ff700           Options.random_access_max_buffer_size: 1048576
2018/10/25-23:04:48.835679 7fc6ce9ff700                      Options.use_adaptive_mutex: 0
2018/10/25-23:04:48.835680 7fc6ce9ff700                            Options.rate_limiter: (nil)
2018/10/25-23:04:48.835696 7fc6ce9ff700     Options.sst_file_manager.rate_bytes_per_sec: 0
2018/10/25-23:04:48.835698 7fc6ce9ff700                       Options.wal_recovery_mode: 2
2018/10/25-23:04:48.835699 7fc6ce9ff700                  Options.enable_thread_tracking: 0
2018/10/25-23:04:48.835700 7fc6ce9ff700                  Options.enable_pipelined_write: 1
2018/10/25-23:04:48.835701 7fc6ce9ff700         Options.allow_concurrent_memtable_write: 1
2018/10/25-23:04:48.835702 7fc6ce9ff700      Options.enable_write_thread_adaptive_yield: 1
2018/10/25-23:04:48.835703 7fc6ce9ff700             Options.write_thread_max_yield_usec: 100
2018/10/25-23:04:48.835703 7fc6ce9ff700            Options.write_thread_slow_yield_usec: 3
2018/10/25-23:04:48.835704 7fc6ce9ff700                               Options.row_cache: None
2018/10/25-23:04:48.835705 7fc6ce9ff700                              Options.wal_filter: None
2018/10/25-23:04:48.835706 7fc6ce9ff700             Options.avoid_flush_during_recovery: 0
2018/10/25-23:04:48.835707 7fc6ce9ff700             Options.allow_ingest_behind: 0
2018/10/25-23:04:48.835708 7fc6ce9ff700             Options.preserve_deletes: 0
2018/10/25-23:04:48.835709 7fc6ce9ff700             Options.two_write_queues: 0
2018/10/25-23:04:48.835710 7fc6ce9ff700             Options.manual_wal_flush: 0
2018/10/25-23:04:48.835711 7fc6ce9ff700             Options.max_background_jobs: 24
2018/10/25-23:04:48.835712 7fc6ce9ff700             Options.max_background_compactions: 24
2018/10/25-23:04:48.835713 7fc6ce9ff700             Options.avoid_flush_during_shutdown: 0
2018/10/25-23:04:48.835714 7fc6ce9ff700           Options.writable_file_max_buffer_size: 1048576
2018/10/25-23:04:48.835715 7fc6ce9ff700             Options.delayed_write_rate : 16777216
2018/10/25-23:04:48.835716 7fc6ce9ff700             Options.max_total_wal_size: 0
2018/10/25-23:04:48.835717 7fc6ce9ff700             Options.delete_obsolete_files_period_micros: 21600000000
2018/10/25-23:04:48.835718 7fc6ce9ff700                   Options.stats_dump_period_sec: 60
2018/10/25-23:04:48.835719 7fc6ce9ff700                          Options.max_open_files: -1
2018/10/25-23:04:48.835720 7fc6ce9ff700                          Options.bytes_per_sync: 1048576
2018/10/25-23:04:48.835720 7fc6ce9ff700                      Options.wal_bytes_per_sync: 0
2018/10/25-23:04:48.835721 7fc6ce9ff700       Options.compaction_readahead_size: 0
2018/10/25-23:04:48.835722 7fc6ce9ff700 Compression algorithms supported:
2018/10/25-23:04:48.835724 7fc6ce9ff700 	kZSTDNotFinalCompression supported: 1
2018/10/25-23:04:48.835733 7fc6ce9ff700 	kZSTD supported: 1
2018/10/25-23:04:48.835734 7fc6ce9ff700 	kXpressCompression supported: 0
2018/10/25-23:04:48.835735 7fc6ce9ff700 	kLZ4HCCompression supported: 1
2018/10/25-23:04:48.835736 7fc6ce9ff700 	kLZ4Compression supported: 1
2018/10/25-23:04:48.835737 7fc6ce9ff700 	kBZip2Compression supported: 1
2018/10/25-23:04:48.835738 7fc6ce9ff700 	kZlibCompression supported: 1
2018/10/25-23:04:48.835739 7fc6ce9ff700 	kSnappyCompression supported: 1
2018/10/25-23:04:48.835743 7fc6ce9ff700 Fast CRC32 supported: Supported on x86
2018/10/25-23:04:48.836420 7fc6ce9ff700 [db/version_set.cc:3085] Recovering from manifest file: MANIFEST-042681
2018/10/25-23:04:48.836513 7fc6ce9ff700 [db/column_family.cc:475] --------------- Options for column family [default]:
2018/10/25-23:04:48.836517 7fc6ce9ff700               Options.comparator: leveldb.BytewiseComparator
2018/10/25-23:04:48.836519 7fc6ce9ff700           Options.merge_operator: None
2018/10/25-23:04:48.836520 7fc6ce9ff700        Options.compaction_filter: None
2018/10/25-23:04:48.836520 7fc6ce9ff700        Options.compaction_filter_factory: None
2018/10/25-23:04:48.836521 7fc6ce9ff700         Options.memtable_factory: SkipListFactory
2018/10/25-23:04:48.836523 7fc6ce9ff700            Options.table_factory: BlockBasedTable
2018/10/25-23:04:48.836556 7fc6ce9ff700            table_factory options:   flush_block_policy_factory: FlushBlockBySizePolicyFactory (0x7fc620384c80)
  cache_index_and_filter_blocks: 0
  cache_index_and_filter_blocks_with_high_priority: 0
  pin_l0_filter_and_index_blocks_in_cache: 0
  index_type: 0
  hash_index_allow_collision: 1
  checksum: 1
  no_block_cache: 0
  block_cache: 0x7fc62038feb0
  block_cache_name: LRUCache
  block_cache_options:
    capacity : 8388608
    num_shard_bits : 4
    strict_capacity_limit : 0
    high_pri_pool_ratio: 0.000
  block_cache_compressed: (nil)
  persistent_cache: (nil)
  block_size: 8192
  block_size_deviation: 10
  block_restart_interval: 16
  index_block_restart_interval: 1
  metadata_block_size: 4096
  partition_filters: 0
  use_delta_encoding: 1
  filter_policy: nullptr
  whole_key_filtering: 1
  verify_compression: 0
  read_amp_bytes_per_bit: 0
  format_version: 2
  enable_index_compression: 1
  block_align: 0
2018/10/25-23:04:48.836571 7fc6ce9ff700        Options.write_buffer_size: 134217728
2018/10/25-23:04:48.836573 7fc6ce9ff700  Options.max_write_buffer_number: 24
2018/10/25-23:04:48.836574 7fc6ce9ff700        Options.compression[0]: NoCompression
2018/10/25-23:04:48.836575 7fc6ce9ff700        Options.compression[1]: NoCompression
2018/10/25-23:04:48.836577 7fc6ce9ff700        Options.compression[2]: LZ4
2018/10/25-23:04:48.836577 7fc6ce9ff700        Options.compression[3]: LZ4
2018/10/25-23:04:48.836578 7fc6ce9ff700        Options.compression[4]: LZ4
2018/10/25-23:04:48.836579 7fc6ce9ff700        Options.compression[5]: LZ4
2018/10/25-23:04:48.836580 7fc6ce9ff700        Options.compression[6]: LZ4
2018/10/25-23:04:48.836581 7fc6ce9ff700                  Options.bottommost_compression: Disabled
2018/10/25-23:04:48.836582 7fc6ce9ff700       Options.prefix_extractor: nullptr
2018/10/25-23:04:48.836583 7fc6ce9ff700   Options.memtable_insert_with_hint_prefix_extractor: nullptr
2018/10/25-23:04:48.836584 7fc6ce9ff700             Options.num_levels: 7
2018/10/25-23:04:48.836585 7fc6ce9ff700        Options.min_write_buffer_number_to_merge: 2
2018/10/25-23:04:48.836586 7fc6ce9ff700     Options.max_write_buffer_number_to_maintain: 0
2018/10/25-23:04:48.836586 7fc6ce9ff700            Options.compression_opts.window_bits: -14
2018/10/25-23:04:48.836587 7fc6ce9ff700                  Options.compression_opts.level: -1
2018/10/25-23:04:48.836588 7fc6ce9ff700               Options.compression_opts.strategy: 0
2018/10/25-23:04:48.836589 7fc6ce9ff700         Options.compression_opts.max_dict_bytes: 0
2018/10/25-23:04:48.836590 7fc6ce9ff700         Options.compression_opts.zstd_max_train_bytes: 0
2018/10/25-23:04:48.836591 7fc6ce9ff700      Options.level0_file_num_compaction_trigger: 2
2018/10/25-23:04:48.836592 7fc6ce9ff700          Options.level0_slowdown_writes_trigger: 20
2018/10/25-23:04:48.836593 7fc6ce9ff700              Options.level0_stop_writes_trigger: 36
2018/10/25-23:04:48.836594 7fc6ce9ff700                   Options.target_file_size_base: 67108864
2018/10/25-23:04:48.836595 7fc6ce9ff700             Options.target_file_size_multiplier: 1
2018/10/25-23:04:48.836596 7fc6ce9ff700                Options.max_bytes_for_level_base: 536870912
2018/10/25-23:04:48.836596 7fc6ce9ff700 Options.level_compaction_dynamic_level_bytes: 0
2018/10/25-23:04:48.836597 7fc6ce9ff700          Options.max_bytes_for_level_multiplier: 10.000000
2018/10/25-23:04:48.836601 7fc6ce9ff700 Options.max_bytes_for_level_multiplier_addtl[0]: 1
2018/10/25-23:04:48.836602 7fc6ce9ff700 Options.max_bytes_for_level_multiplier_addtl[1]: 1
2018/10/25-23:04:48.836603 7fc6ce9ff700 Options.max_bytes_for_level_multiplier_addtl[2]: 1
2018/10/25-23:04:48.836604 7fc6ce9ff700 Options.max_bytes_for_level_multiplier_addtl[3]: 1
2018/10/25-23:04:48.836604 7fc6ce9ff700 Options.max_bytes_for_level_multiplier_addtl[4]: 1
2018/10/25-23:04:48.836605 7fc6ce9ff700 Options.max_bytes_for_level_multiplier_addtl[5]: 1
2018/10/25-23:04:48.836606 7fc6ce9ff700 Options.max_bytes_for_level_multiplier_addtl[6]: 1
2018/10/25-23:04:48.836607 7fc6ce9ff700       Options.max_sequential_skip_in_iterations: 8
2018/10/25-23:04:48.836608 7fc6ce9ff700                    Options.max_compaction_bytes: 1677721600
2018/10/25-23:04:48.836615 7fc6ce9ff700                        Options.arena_block_size: 16777216
2018/10/25-23:04:48.836616 7fc6ce9ff700   Options.soft_pending_compaction_bytes_limit: 68719476736
2018/10/25-23:04:48.836617 7fc6ce9ff700   Options.hard_pending_compaction_bytes_limit: 274877906944
2018/10/25-23:04:48.836618 7fc6ce9ff700       Options.rate_limit_delay_max_milliseconds: 100
2018/10/25-23:04:48.836619 7fc6ce9ff700                Options.disable_auto_compactions: 0
2018/10/25-23:04:48.836621 7fc6ce9ff700                        Options.compaction_style: kCompactionStyleLevel
2018/10/25-23:04:48.836623 7fc6ce9ff700                          Options.compaction_pri: kByCompensatedSize
2018/10/25-23:04:48.836624 7fc6ce9ff700 Options.compaction_options_universal.size_ratio: 1
2018/10/25-23:04:48.836625 7fc6ce9ff700 Options.compaction_options_universal.min_merge_width: 2
2018/10/25-23:04:48.836625 7fc6ce9ff700 Options.compaction_options_universal.max_merge_width: 4294967295
2018/10/25-23:04:48.836626 7fc6ce9ff700 Options.compaction_options_universal.max_size_amplification_percent: 200
2018/10/25-23:04:48.836627 7fc6ce9ff700 Options.compaction_options_universal.compression_size_percent: -1
2018/10/25-23:04:48.836629 7fc6ce9ff700 Options.compaction_options_universal.stop_style: kCompactionStopStyleTotalSize
2018/10/25-23:04:48.836630 7fc6ce9ff700 Options.compaction_options_fifo.max_table_files_size: 1073741824
2018/10/25-23:04:48.836631 7fc6ce9ff700 Options.compaction_options_fifo.allow_compaction: 0
2018/10/25-23:04:48.836631 7fc6ce9ff700 Options.compaction_options_fifo.ttl: 0
2018/10/25-23:04:48.836633 7fc6ce9ff700                   Options.table_properties_collectors: 
2018/10/25-23:04:48.836634 7fc6ce9ff700                   Options.inplace_update_support: 0
2018/10/25-23:04:48.836634 7fc6ce9ff700                 Options.inplace_update_num_locks: 10000
2018/10/25-23:04:48.836636 7fc6ce9ff700               Options.memtable_prefix_bloom_size_ratio: 0.000000
2018/10/25-23:04:48.836637 7fc6ce9ff700   Options.memtable_huge_page_size: 0
2018/10/25-23:04:48.836638 7fc6ce9ff700                           Options.bloom_locality: 0
2018/10/25-23:04:48.836639 7fc6ce9ff700                    Options.max_successive_merges: 0
2018/10/25-23:04:48.836640 7fc6ce9ff700                Options.optimize_filters_for_hits: 0
2018/10/25-23:04:48.836641 7fc6ce9ff700                Options.paranoid_file_checks: 0
2018/10/25-23:04:48.836642 7fc6ce9ff700                Options.force_consistency_checks: 0
2018/10/25-23:04:48.836642 7fc6ce9ff700                Options.report_bg_io_stats: 0
2018/10/25-23:04:48.836643 7fc6ce9ff700                               Options.ttl: 0
2018/10/25-23:04:48.837231 7fc6ce9ff700 [db/column_family.cc:475] --------------- Options for column family [usertable]:
2018/10/25-23:04:48.837235 7fc6ce9ff700               Options.comparator: leveldb.BytewiseComparator
2018/10/25-23:04:48.837236 7fc6ce9ff700           Options.merge_operator: None
2018/10/25-23:04:48.837237 7fc6ce9ff700        Options.compaction_filter: None
2018/10/25-23:04:48.837238 7fc6ce9ff700        Options.compaction_filter_factory: None
2018/10/25-23:04:48.837239 7fc6ce9ff700         Options.memtable_factory: SkipListFactory
2018/10/25-23:04:48.837240 7fc6ce9ff700            Options.table_factory: BlockBasedTable
2018/10/25-23:04:48.837263 7fc6ce9ff700            table_factory options:   flush_block_policy_factory: FlushBlockBySizePolicyFactory (0x7fc620384c60)
  cache_index_and_filter_blocks: 0
  cache_index_and_filter_blocks_with_high_priority: 0
  pin_l0_filter_and_index_blocks_in_cache: 0
  index_type: 0
  hash_index_allow_collision: 1
  checksum: 1
  no_block_cache: 0
  block_cache: 0x7fc6203857c0
  block_cache_name: LRUCache
  block_cache_options:
    capacity : 8388608
    num_shard_bits : 4
    strict_capacity_limit : 0
    high_pri_pool_ratio: 0.000
  block_cache_compressed: (nil)
  persistent_cache: (nil)
  block_size: 8192
  block_size_deviation: 10
  block_restart_interval: 16
  index_block_restart_interval: 1
  metadata_block_size: 4096
  partition_filters: 0
  use_delta_encoding: 1
  filter_policy: nullptr
  whole_key_filtering: 1
  verify_compression: 0
  read_amp_bytes_per_bit: 0
  format_version: 2
  enable_index_compression: 1
  block_align: 0
2018/10/25-23:04:48.837274 7fc6ce9ff700        Options.write_buffer_size: 134217728
2018/10/25-23:04:48.837276 7fc6ce9ff700  Options.max_write_buffer_number: 24
2018/10/25-23:04:48.837277 7fc6ce9ff700        Options.compression[0]: NoCompression
2018/10/25-23:04:48.837278 7fc6ce9ff700        Options.compression[1]: NoCompression
2018/10/25-23:04:48.837279 7fc6ce9ff700        Options.compression[2]: LZ4
2018/10/25-23:04:48.837280 7fc6ce9ff700        Options.compression[3]: LZ4
2018/10/25-23:04:48.837281 7fc6ce9ff700        Options.compression[4]: LZ4
2018/10/25-23:04:48.837282 7fc6ce9ff700        Options.compression[5]: LZ4
2018/10/25-23:04:48.837282 7fc6ce9ff700        Options.compression[6]: LZ4
2018/10/25-23:04:48.837283 7fc6ce9ff700                  Options.bottommost_compression: Disabled
2018/10/25-23:04:48.837284 7fc6ce9ff700       Options.prefix_extractor: nullptr
2018/10/25-23:04:48.837285 7fc6ce9ff700   Options.memtable_insert_with_hint_prefix_extractor: nullptr
2018/10/25-23:04:48.837286 7fc6ce9ff700             Options.num_levels: 7
2018/10/25-23:04:48.837287 7fc6ce9ff700        Options.min_write_buffer_number_to_merge: 2
2018/10/25-23:04:48.837288 7fc6ce9ff700     Options.max_write_buffer_number_to_maintain: 0
2018/10/25-23:04:48.837289 7fc6ce9ff700            Options.compression_opts.window_bits: -14
2018/10/25-23:04:48.837289 7fc6ce9ff700                  Options.compression_opts.level: -1
2018/10/25-23:04:48.837290 7fc6ce9ff700               Options.compression_opts.strategy: 0
2018/10/25-23:04:48.837291 7fc6ce9ff700         Options.compression_opts.max_dict_bytes: 0
2018/10/25-23:04:48.837292 7fc6ce9ff700         Options.compression_opts.zstd_max_train_bytes: 0
2018/10/25-23:04:48.837293 7fc6ce9ff700      Options.level0_file_num_compaction_trigger: 2
2018/10/25-23:04:48.837294 7fc6ce9ff700          Options.level0_slowdown_writes_trigger: 20
2018/10/25-23:04:48.837295 7fc6ce9ff700              Options.level0_stop_writes_trigger: 36
2018/10/25-23:04:48.837295 7fc6ce9ff700                   Options.target_file_size_base: 67108864
2018/10/25-23:04:48.837296 7fc6ce9ff700             Options.target_file_size_multiplier: 1
2018/10/25-23:04:48.837297 7fc6ce9ff700                Options.max_bytes_for_level_base: 536870912
2018/10/25-23:04:48.837298 7fc6ce9ff700 Options.level_compaction_dynamic_level_bytes: 0
2018/10/25-23:04:48.837299 7fc6ce9ff700          Options.max_bytes_for_level_multiplier: 10.000000
2018/10/25-23:04:48.837301 7fc6ce9ff700 Options.max_bytes_for_level_multiplier_addtl[0]: 1
2018/10/25-23:04:48.837302 7fc6ce9ff700 Options.max_bytes_for_level_multiplier_addtl[1]: 1
2018/10/25-23:04:48.837303 7fc6ce9ff700 Options.max_bytes_for_level_multiplier_addtl[2]: 1
2018/10/25-23:04:48.837304 7fc6ce9ff700 Options.max_bytes_for_level_multiplier_addtl[3]: 1
2018/10/25-23:04:48.837305 7fc6ce9ff700 Options.max_bytes_for_level_multiplier_addtl[4]: 1
2018/10/25-23:04:48.837305 7fc6ce9ff700 Options.max_bytes_for_level_multiplier_addtl[5]: 1
2018/10/25-23:04:48.837306 7fc6ce9ff700 Options.max_bytes_for_level_multiplier_addtl[6]: 1
2018/10/25-23:04:48.837307 7fc6ce9ff700       Options.max_sequential_skip_in_iterations: 8
2018/10/25-23:04:48.837308 7fc6ce9ff700                    Options.max_compaction_bytes: 1677721600
2018/10/25-23:04:48.837309 7fc6ce9ff700                        Options.arena_block_size: 16777216
2018/10/25-23:04:48.837310 7fc6ce9ff700   Options.soft_pending_compaction_bytes_limit: 68719476736
2018/10/25-23:04:48.837311 7fc6ce9ff700   Options.hard_pending_compaction_bytes_limit: 274877906944
2018/10/25-23:04:48.837312 7fc6ce9ff700       Options.rate_limit_delay_max_milliseconds: 100
2018/10/25-23:04:48.837313 7fc6ce9ff700                Options.disable_auto_compactions: 0
2018/10/25-23:04:48.837314 7fc6ce9ff700                        Options.compaction_style: kCompactionStyleLevel
2018/10/25-23:04:48.837321 7fc6ce9ff700                          Options.compaction_pri: kByCompensatedSize
2018/10/25-23:04:48.837322 7fc6ce9ff700 Options.compaction_options_universal.size_ratio: 1
2018/10/25-23:04:48.837323 7fc6ce9ff700 Options.compaction_options_universal.min_merge_width: 2
2018/10/25-23:04:48.837324 7fc6ce9ff700 Options.compaction_options_universal.max_merge_width: 4294967295
2018/10/25-23:04:48.837325 7fc6ce9ff700 Options.compaction_options_universal.max_size_amplification_percent: 200
2018/10/25-23:04:48.837326 7fc6ce9ff700 Options.compaction_options_universal.compression_size_percent: -1
2018/10/25-23:04:48.837327 7fc6ce9ff700 Options.compaction_options_universal.stop_style: kCompactionStopStyleTotalSize
2018/10/25-23:04:48.837328 7fc6ce9ff700 Options.compaction_options_fifo.max_table_files_size: 1073741824
2018/10/25-23:04:48.837329 7fc6ce9ff700 Options.compaction_options_fifo.allow_compaction: 0
2018/10/25-23:04:48.837330 7fc6ce9ff700 Options.compaction_options_fifo.ttl: 0
2018/10/25-23:04:48.837331 7fc6ce9ff700                   Options.table_properties_collectors: 
2018/10/25-23:04:48.837331 7fc6ce9ff700                   Options.inplace_update_support: 0
2018/10/25-23:04:48.837332 7fc6ce9ff700                 Options.inplace_update_num_locks: 10000
2018/10/25-23:04:48.837333 7fc6ce9ff700               Options.memtable_prefix_bloom_size_ratio: 0.000000
2018/10/25-23:04:48.837335 7fc6ce9ff700   Options.memtable_huge_page_size: 0
2018/10/25-23:04:48.837336 7fc6ce9ff700                           Options.bloom_locality: 0
2018/10/25-23:04:48.837336 7fc6ce9ff700                    Options.max_successive_merges: 0
2018/10/25-23:04:48.837337 7fc6ce9ff700                Options.optimize_filters_for_hits: 0
2018/10/25-23:04:48.837338 7fc6ce9ff700                Options.paranoid_file_checks: 0
2018/10/25-23:04:48.837339 7fc6ce9ff700                Options.force_consistency_checks: 0
2018/10/25-23:04:48.837340 7fc6ce9ff700                Options.report_bg_io_stats: 0
2018/10/25-23:04:48.837341 7fc6ce9ff700                               Options.ttl: 0
2018/10/25-23:04:49.088586 7fc6ce9ff700 [db/version_set.cc:3361] Recovered from manifest file:/mnt/sdb1/ycsb-rocksdb-data/MANIFEST-042681 succeeded,manifest_file_number is 42681, next_file_number is 43141, last_sequence is 103130072, log_number is 0,prev_log_number is 0,max_column_family is 1,min_log_number_to_keep is 0
2018/10/25-23:04:49.088600 7fc6ce9ff700 [db/version_set.cc:3369] Column family [default] (ID 0), log number is 42678
2018/10/25-23:04:49.088602 7fc6ce9ff700 [db/version_set.cc:3369] Column family [usertable] (ID 1), log number is 43137
2018/10/25-23:04:49.089583 7fc6ce9ff700 EVENT_LOG_v1 {"time_micros": 1540533889089562, "job": 1, "event": "recovery_started", "log_files": [43137, 43140]}
2018/10/25-23:04:49.089591 7fc6ce9ff700 [db/db_impl_open.cc:551] Recovering log #43137 mode 2
2018/10/25-23:04:49.413982 7fc6ce9ff700 [db/db_impl_open.cc:551] Recovering log #43140 mode 2
2018/10/25-23:04:49.434841 7fc6ce9ff700 [db/version_set.cc:2847] Creating manifest 43142
2018/10/25-23:04:49.850413 7fc6ce9ff700 EVENT_LOG_v1 {"time_micros": 1540533889850382, "cf_name": "usertable", "job": 1, "event": "table_file_creation", "file_number": 43143, "file_size": 80983703, "table_properties": {"data_size": 80639025, "index_size": 343756, "filter_size": 0, "raw_key_size": 469296, "raw_average_key_size": 24, "raw_value_size": 80093184, "raw_average_value_size": 4096, "num_data_blocks": 9777, "num_entries": 19554, "filter_policy_name": "", "kDeletedKeys": "0", "kMergeOperands": "0"}}
2018/10/25-23:04:49.887192 7fc6ce9ff700 EVENT_LOG_v1 {"time_micros": 1540533889887188, "job": 1, "event": "recovery_finished"}
2018/10/25-23:04:49.887361 7fc6ce9ff700 [db/column_family.cc:837] [usertable] Increasing compaction threads because we have 4 level-0 files 
2018/10/25-23:04:49.943231 7fc6ce9ff700 [db/db_impl_open.cc:1219] DB pointer 0x7fc6203dabd0
2018/10/25-23:04:49.943563 7fc6c4a66700 [WARN] [db/db_impl.cc:491] ------- DUMPING STATS -------
2018/10/25-23:04:49.943616 7fc6c4a66700 [WARN] [db/db_impl.cc:492] 
** DB Stats **
Uptime(secs): 1.1 total, 1.1 interval
Cumulative writes: 0 writes, 0 keys, 0 commit groups, 0.0 writes per commit group, ingest: 0.00 GB, 0.00 MB/s
Cumulative WAL: 0 writes, 0 syncs, 0.00 writes per sync, written: 0.00 GB, 0.00 MB/s
Cumulative stall: 00:00:0.000 H:M:S, 0.0 percent
Interval writes: 0 writes, 0 keys, 0 commit groups, 0.0 writes per commit group, ingest: 0.00 MB, 0.00 MB/s
Interval WAL: 0 writes, 0 syncs, 0.00 writes per sync, written: 0.00 MB, 0.00 MB/s
Interval stall: 00:00:0.000 H:M:S, 0.0 percent

** Compaction Stats [default] **
Level    Files   Size     Score Read(GB)  Rn(GB) Rnp1(GB) Write(GB) Wnew(GB) Moved(GB) W-Amp Rd(MB/s) Wr(MB/s) Comp(sec) Comp(cnt) Avg(sec) KeyIn KeyDrop
----------------------------------------------------------------------------------------------------------------------------------------------------------
 Sum      0/0    0.00 KB   0.0      0.0     0.0      0.0       0.0      0.0       0.0   0.0      0.0      0.0         0         0    0.000       0      0
 Int      0/0    0.00 KB   0.0      0.0     0.0      0.0       0.0      0.0       0.0   0.0      0.0      0.0         0         0    0.000       0      0
Uptime(secs): 1.1 total, 1.1 interval
Flush(GB): cumulative 0.000, interval 0.000
AddFile(GB): cumulative 0.000, interval 0.000
AddFile(Total Files): cumulative 0, interval 0
AddFile(L0 Files): cumulative 0, interval 0
AddFile(Keys): cumulative 0, interval 0
Cumulative compaction: 0.00 GB write, 0.00 MB/s write, 0.00 GB read, 0.00 MB/s read, 0.0 seconds
Interval compaction: 0.00 GB write, 0.00 MB/s write, 0.00 GB read, 0.00 MB/s read, 0.0 seconds
Stalls(count): 0 level0_slowdown, 0 level0_slowdown_with_compaction, 0 level0_numfiles, 0 level0_numfiles_with_compaction, 0 stop for pending_compaction_bytes, 0 slowdown for pending_compaction_bytes, 0 memtable_compaction, 0 memtable_slowdown, interval 0 total count

** File Read Latency Histogram By Level [default] **

** Compaction Stats [usertable] **
Level    Files   Size     Score Read(GB)  Rn(GB) Rnp1(GB) Write(GB) Wnew(GB) Moved(GB) W-Amp Rd(MB/s) Wr(MB/s) Comp(sec) Comp(cnt) Avg(sec) KeyIn KeyDrop
----------------------------------------------------------------------------------------------------------------------------------------------------------
  L0      4/0   867.99 MB   2.0      0.0     0.0      0.0       0.1      0.1       0.0   1.0      0.0    216.4         0         1    0.357       0      0
  L1     11/0   502.78 MB   1.0      0.0     0.0      0.0       0.0      0.0       0.0   0.0      0.0      0.0         0         0    0.000       0      0
  L2     98/0    5.53 GB   1.1      0.0     0.0      0.0       0.0      0.0       0.0   0.0      0.0      0.0         0         0    0.000       0      0
  L3    172/0   10.04 GB   0.2      0.0     0.0      0.0       0.0      0.0       0.0   0.0      0.0      0.0         0         0    0.000       0      0
 Sum    285/0   16.91 GB   0.0      0.0     0.0      0.0       0.1      0.1       0.0   1.0      0.0    216.4         0         1    0.357       0      0
 Int      0/0    0.00 KB   0.0      0.0     0.0      0.0       0.1      0.1       0.0   1.0      0.0    216.4         0         1    0.357       0      0
Uptime(secs): 1.1 total, 1.1 interval
Flush(GB): cumulative 0.075, interval 0.075
AddFile(GB): cumulative 0.000, interval 0.000
AddFile(Total Files): cumulative 0, interval 0
AddFile(L0 Files): cumulative 0, interval 0
AddFile(Keys): cumulative 0, interval 0
Cumulative compaction: 0.08 GB write, 69.82 MB/s write, 0.00 GB read, 0.00 MB/s read, 0.4 seconds
Interval compaction: 0.08 GB write, 69.82 MB/s write, 0.00 GB read, 0.00 MB/s read, 0.4 seconds
Stalls(count): 0 level0_slowdown, 0 level0_slowdown_with_compaction, 0 level0_numfiles, 0 level0_numfiles_with_compaction, 0 stop for pending_compaction_bytes, 0 slowdown for pending_compaction_bytes, 0 memtable_compaction, 0 memtable_slowdown, interval 0 total count

** File Read Latency Histogram By Level [usertable] **

** Compaction Stats [default] **
Level    Files   Size     Score Read(GB)  Rn(GB) Rnp1(GB) Write(GB) Wnew(GB) Moved(GB) W-Amp Rd(MB/s) Wr(MB/s) Comp(sec) Comp(cnt) Avg(sec) KeyIn KeyDrop
----------------------------------------------------------------------------------------------------------------------------------------------------------
 Sum      0/0    0.00 KB   0.0      0.0     0.0      0.0       0.0      0.0       0.0   0.0      0.0      0.0         0         0    0.000       0      0
 Int      0/0    0.00 KB   0.0      0.0     0.0      0.0       0.0      0.0       0.0   0.0      0.0      0.0         0         0    0.000       0      0
Uptime(secs): 1.1 total, 0.0 interval
Flush(GB): cumulative 0.000, interval 0.000
AddFile(GB): cumulative 0.000, interval 0.000
AddFile(Total Files): cumulative 0, interval 0
AddFile(L0 Files): cumulative 0, interval 0
AddFile(Keys): cumulative 0, interval 0
Cumulative compaction: 0.00 GB write, 0.00 MB/s write, 0.00 GB read, 0.00 MB/s read, 0.0 seconds
Interval compaction: 0.00 GB write, 0.00 MB/s write, 0.00 GB read, 0.00 MB/s read, 0.0 seconds
Stalls(count): 0 level0_slowdown, 0 level0_slowdown_with_compaction, 0 level0_numfiles, 0 level0_numfiles_with_compaction, 0 stop for pending_compaction_bytes, 0 slowdown for pending_compaction_bytes, 0 memtable_compaction, 0 memtable_slowdown, interval 0 total count

** File Read Latency Histogram By Level [default] **

** Compaction Stats [usertable] **
Level    Files   Size     Score Read(GB)  Rn(GB) Rnp1(GB) Write(GB) Wnew(GB) Moved(GB) W-Amp Rd(MB/s) Wr(MB/s) Comp(sec) Comp(cnt) Avg(sec) KeyIn KeyDrop
----------------------------------------------------------------------------------------------------------------------------------------------------------
  L0      4/0   867.99 MB   2.0      0.0     0.0      0.0       0.1      0.1       0.0   1.0      0.0    216.4         0         1    0.357       0      0
  L1     11/0   502.78 MB   1.0      0.0     0.0      0.0       0.0      0.0       0.0   0.0      0.0      0.0         0         0    0.000       0      0
  L2     98/0    5.53 GB   1.1      0.0     0.0      0.0       0.0      0.0       0.0   0.0      0.0      0.0         0         0    0.000       0      0
  L3    172/0   10.04 GB   0.2      0.0     0.0      0.0       0.0      0.0       0.0   0.0      0.0      0.0         0         0    0.000       0      0
 Sum    285/0   16.91 GB   0.0      0.0     0.0      0.0       0.1      0.1       0.0   1.0      0.0    216.4         0         1    0.357       0      0
 Int      0/0    0.00 KB   0.0      0.0     0.0      0.0       0.0      0.0       0.0   0.0      0.0      0.0         0         0    0.000       0      0
Uptime(secs): 1.1 total, 0.0 interval
Flush(GB): cumulative 0.075, interval 0.000
AddFile(GB): cumulative 0.000, interval 0.000
AddFile(Total Files): cumulative 0, interval 0
AddFile(L0 Files): cumulative 0, interval 0
AddFile(Keys): cumulative 0, interval 0
Cumulative compaction: 0.08 GB write, 69.81 MB/s write, 0.00 GB read, 0.00 MB/s read, 0.4 seconds
Interval compaction: 0.00 GB write, 0.00 MB/s write, 0.00 GB read, 0.00 MB/s read, 0.0 seconds
Stalls(count): 0 level0_slowdown, 0 level0_slowdown_with_compaction, 0 level0_numfiles, 0 level0_numfiles_with_compaction, 0 stop for pending_compaction_bytes, 0 slowdown for pending_compaction_bytes, 0 memtable_compaction, 0 memtable_slowdown, interval 0 total count

** File Read Latency Histogram By Level [usertable] **
2018/10/25-23:04:49.944074 7fc6c4a66700 [db/compaction_job.cc:1531] [usertable] [JOB 3] Compacting 4@0 + 11@1 files to L1, score 2.00
2018/10/25-23:04:49.944092 7fc6c4a66700 [db/compaction_job.cc:1535] [usertable] Compaction start summary: Base version 5 Base level 0, inputs: [43143(77MB) 43138(141MB) 43134(140MB) 43103(508MB)], [43042(64MB) 43045(64MB) 43056(30MB) 43054(64MB) 43058(52MB) 43059(6855KB) 43044(64MB) 43048(64MB) 43052(34MB) 43055(38MB) 43047(18MB)]
2018/10/25-23:04:49.944134 7fc6b7fff700 [db/compaction_job.cc:1531] [usertable] [JOB 4] Compacting 1@2 + 2@3 files to L3, score 1.11
2018/10/25-23:04:49.944148 7fc6c4a66700 EVENT_LOG_v1 {"time_micros": 1540533889944108, "job": 3, "event": "compaction_started", "compaction_reason": "LevelL0FilesNum", "files_L0": [43143, 43138, 43134, 43103], "files_L1": [43042, 43045, 43056, 43054, 43058, 43059, 43044, 43048, 43052, 43055, 43047], "score": 2, "input_data_size": 1437361581}
2018/10/25-23:04:49.944164 7fc6b7fff700 [db/compaction_job.cc:1535] [usertable] Compaction start summary: Base version 5 Base level 2, inputs: [43093(64MB)], [40539(64MB) 41328(64MB)]
2018/10/25-23:04:49.944187 7fc6b7fff700 EVENT_LOG_v1 {"time_micros": 1540533889944178, "job": 4, "event": "compaction_started", "compaction_reason": "LevelMaxLevelSize", "files_L2": [43093], "files_L3": [40539, 41328], "score": 1.10627, "input_data_size": 201731461}
2018/10/25-23:04:49.944211 7fc6b77fe700 [db/compaction_job.cc:1531] [usertable] [JOB 5] Compacting 1@2 + 3@3 files to L3, score 1.09
2018/10/25-23:04:49.944221 7fc6b77fe700 [db/compaction_job.cc:1535] [usertable] Compaction start summary: Base version 5 Base level 2, inputs: [43062(64MB)], [41609(64MB) 41620(24MB) 40413(64MB)]
2018/10/25-23:04:49.944238 7fc6b77fe700 EVENT_LOG_v1 {"time_micros": 1540533889944229, "job": 5, "event": "compaction_started", "compaction_reason": "LevelMaxLevelSize", "files_L2": [43062], "files_L3": [41609, 41620, 40413], "score": 1.09374, "input_data_size": 227102404}
2018/10/25-23:04:49.944285 7fc6b6ffd700 [db/compaction_job.cc:1531] [usertable] [JOB 6] Compacting 1@2 + 2@3 files to L3, score 1.08
2018/10/25-23:04:49.944294 7fc6b6ffd700 [db/compaction_job.cc:1535] [usertable] Compaction start summary: Base version 5 Base level 2, inputs: [43083(64MB)], [40960(64MB) 42016(64MB)]
2018/10/25-23:04:49.944313 7fc6b6ffd700 EVENT_LOG_v1 {"time_micros": 1540533889944305, "job": 6, "event": "compaction_started", "compaction_reason": "LevelMaxLevelSize", "files_L2": [43083], "files_L3": [40960, 42016], "score": 1.08121, "input_data_size": 201730666}
2018/10/25-23:04:49.944364 7fc6b67fc700 [db/compaction_job.cc:1531] [usertable] [JOB 7] Compacting 1@2 + 3@3 files to L3, score 1.07
2018/10/25-23:04:49.944373 7fc6b67fc700 [db/compaction_job.cc:1535] [usertable] Compaction start summary: Base version 5 Base level 2, inputs: [42979(64MB)], [41736(64MB) 41595(64MB) 41616(64MB)]
2018/10/25-23:04:49.944386 7fc6b67fc700 EVENT_LOG_v1 {"time_micros": 1540533889944379, "job": 7, "event": "compaction_started", "compaction_reason": "LevelMaxLevelSize", "files_L2": [42979], "files_L3": [41736, 41595, 41616], "score": 1.06868, "input_data_size": 268963349}
2018/10/25-23:04:49.944413 7fc6b5ffb700 [db/compaction_job.cc:1531] [usertable] [JOB 8] Compacting 1@2 + 2@3 files to L3, score 1.06
2018/10/25-23:04:49.944421 7fc6b5ffb700 [db/compaction_job.cc:1535] [usertable] Compaction start summary: Base version 5 Base level 2, inputs: [43013(64MB)], [41621(64MB) 41173(64MB)]
2018/10/25-23:04:49.944432 7fc6b5ffb700 EVENT_LOG_v1 {"time_micros": 1540533889944426, "job": 8, "event": "compaction_started", "compaction_reason": "LevelMaxLevelSize", "files_L2": [43013], "files_L3": [41621, 41173], "score": 1.05615, "input_data_size": 201729865}
2018/10/25-23:04:49.944460 7fc6b57fa700 [db/compaction_job.cc:1531] [usertable] [JOB 9] Compacting 1@2 + 3@3 files to L3, score 1.04
2018/10/25-23:04:49.944468 7fc6b57fa700 [db/compaction_job.cc:1535] [usertable] Compaction start summary: Base version 5 Base level 2, inputs: [42983(64MB)], [41185(27MB) 41327(64MB) 41338(64MB)]
2018/10/25-23:04:49.944481 7fc6b57fa700 EVENT_LOG_v1 {"time_micros": 1540533889944475, "job": 9, "event": "compaction_started", "compaction_reason": "LevelMaxLevelSize", "files_L2": [42983], "files_L3": [41185, 41327, 41338], "score": 1.04362, "input_data_size": 230487926}
2018/10/25-23:04:49.944484 7fc6b4ff9700 [db/compaction_picker.cc:485] [usertable] Expanding@2 1+3(67262702+201043773 bytes) to 4+3 (102858313+201043773 bytes)
2018/10/25-23:04:49.944513 7fc6b4ff9700 [db/compaction_job.cc:1531] [usertable] [JOB 10] Compacting 4@2 + 3@3 files to L3, score 1.03
2018/10/25-23:04:49.944539 7fc6b4ff9700 [db/compaction_job.cc:1535] [usertable] Compaction start summary: Base version 5 Base level 2, inputs: [43131(64MB) 43132(10MB) 42903(10MB) 42231(12MB)], [42172(64MB) 40538(64MB) 40542(63MB)]
2018/10/25-23:04:49.944550 7fc6b4ff9700 EVENT_LOG_v1 {"time_micros": 1540533889944544, "job": 10, "event": "compaction_started", "compaction_reason": "LevelMaxLevelSize", "files_L2": [43131, 43132, 42903, 42231], "files_L3": [42172, 40538, 40542], "score": 1.03109, "input_data_size": 303902086}
2018/10/25-23:04:49.944553 7fc6affff700 [db/compaction_job.cc:1531] [usertable] [JOB 11] Compacting 1@2 + 2@3 files to L3, score 1.01
2018/10/25-23:04:49.944561 7fc6affff700 [db/compaction_job.cc:1535] [usertable] Compaction start summary: Base version 5 Base level 2, inputs: [43118(64MB)], [42713(64MB) 42021(64MB)]
2018/10/25-23:04:49.944574 7fc6affff700 EVENT_LOG_v1 {"time_micros": 1540533889944568, "job": 11, "event": "compaction_started", "compaction_reason": "LevelMaxLevelSize", "files_L2": [43118], "files_L3": [42713, 42021], "score": 1.01193, "input_data_size": 201729571}
2018/10/25-23:04:52.793534 7fc4da7fc700 [db/compaction_job.cc:1211] [usertable] [JOB 3] Generated table #43155: 5204 keys, 21553011 bytes
2018/10/25-23:04:52.793577 7fc4da7fc700 EVENT_LOG_v1 {"time_micros": 1540533892793563, "cf_name": "usertable", "job": 3, "event": "table_file_creation", "file_number": 43155, "file_size": 21553011, "table_properties": {"data_size": 21456864, "index_size": 95226, "filter_size": 0, "raw_key_size": 124896, "raw_average_key_size": 24, "raw_value_size": 21315584, "raw_average_value_size": 4096, "num_data_blocks": 2602, "num_entries": 5204, "filter_policy_name": "", "kDeletedKeys": "0", "kMergeOperands": "0"}}
2018/10/25-23:04:56.870077 7fc4d9ffb700 [db/compaction_job.cc:1211] [usertable] [JOB 3] Generated table #43158: 16277 keys, 67411798 bytes
2018/10/25-23:04:56.870156 7fc4d9ffb700 EVENT_LOG_v1 {"time_micros": 1540533896870137, "cf_name": "usertable", "job": 3, "event": "table_file_creation", "file_number": 43158, "file_size": 67411798, "table_properties": {"data_size": 67115259, "index_size": 295618, "filter_size": 0, "raw_key_size": 390648, "raw_average_key_size": 24, "raw_value_size": 66670592, "raw_average_value_size": 4096, "num_data_blocks": 8139, "num_entries": 16277, "filter_policy_name": "", "kDeletedKeys": "0", "kMergeOperands": "0"}}
2018/10/25-23:04:57.567059 7fc4d97fa700 [db/compaction_job.cc:1211] [usertable] [JOB 3] Generated table #43157: 16277 keys, 67411987 bytes
2018/10/25-23:04:57.567104 7fc4d97fa700 EVENT_LOG_v1 {"time_micros": 1540533897567087, "cf_name": "usertable", "job": 3, "event": "table_file_creation", "file_number": 43157, "file_size": 67411987, "table_properties": {"data_size": 67113729, "index_size": 297337, "filter_size": 0, "raw_key_size": 390648, "raw_average_key_size": 24, "raw_value_size": 66670592, "raw_average_value_size": 4096, "num_data_blocks": 8139, "num_entries": 16277, "filter_policy_name": "", "kDeletedKeys": "0", "kMergeOperands": "0"}}
