2018/11/14-01:27:59.076931 7f66a3fff700 RocksDB version: 5.14.3
2018/11/14-01:27:59.077002 7f66a3fff700 Git sha rocksdb_build_git_sha:
2018/11/14-01:27:59.077005 7f66a3fff700 Compile date Oct 15 2018
2018/11/14-01:27:59.077010 7f66a3fff700 DB SUMMARY
2018/11/14-01:27:59.077033 7f66a3fff700 SST files in /mnt/sdb/ycsb-rocksdb-data dir, Total Num: 0, files: 
2018/11/14-01:27:59.077036 7f66a3fff700 Write Ahead Log file in /mnt/sdb/ycsb-rocksdb-data: 
2018/11/14-01:27:59.077038 7f66a3fff700                         Options.error_if_exists: 0
2018/11/14-01:27:59.077040 7f66a3fff700                       Options.create_if_missing: 1
2018/11/14-01:27:59.077040 7f66a3fff700                         Options.paranoid_checks: 1
2018/11/14-01:27:59.077041 7f66a3fff700                                     Options.env: 0x7f66a38db3e0
2018/11/14-01:27:59.077042 7f66a3fff700                                Options.info_log: 0x7f669c3d00b0
2018/11/14-01:27:59.077043 7f66a3fff700                Options.max_file_opening_threads: 16
2018/11/14-01:27:59.077044 7f66a3fff700                              Options.statistics: (nil)
2018/11/14-01:27:59.077045 7f66a3fff700                               Options.use_fsync: 0
2018/11/14-01:27:59.077046 7f66a3fff700                       Options.max_log_file_size: 0
2018/11/14-01:27:59.077047 7f66a3fff700                  Options.max_manifest_file_size: 18446744073709551615
2018/11/14-01:27:59.077048 7f66a3fff700                   Options.log_file_time_to_roll: 0
2018/11/14-01:27:59.077049 7f66a3fff700                       Options.keep_log_file_num: 1000
2018/11/14-01:27:59.077050 7f66a3fff700                    Options.recycle_log_file_num: 0
2018/11/14-01:27:59.077051 7f66a3fff700                         Options.allow_fallocate: 1
2018/11/14-01:27:59.077052 7f66a3fff700                        Options.allow_mmap_reads: 0
2018/11/14-01:27:59.077053 7f66a3fff700                       Options.allow_mmap_writes: 0
2018/11/14-01:27:59.077054 7f66a3fff700                        Options.use_direct_reads: 0
2018/11/14-01:27:59.077054 7f66a3fff700                        Options.use_direct_io_for_flush_and_compaction: 0
2018/11/14-01:27:59.077055 7f66a3fff700          Options.create_missing_column_families: 1
2018/11/14-01:27:59.077056 7f66a3fff700                              Options.db_log_dir: 
2018/11/14-01:27:59.077057 7f66a3fff700                                 Options.wal_dir: /mnt/sdb/ycsb-rocksdb-data
2018/11/14-01:27:59.077058 7f66a3fff700                Options.table_cache_numshardbits: 6
2018/11/14-01:27:59.077059 7f66a3fff700                      Options.max_subcompactions: 4
2018/11/14-01:27:59.077060 7f66a3fff700                  Options.max_background_flushes: 24
2018/11/14-01:27:59.077061 7f66a3fff700                         Options.WAL_ttl_seconds: 0
2018/11/14-01:27:59.077061 7f66a3fff700                       Options.WAL_size_limit_MB: 0
2018/11/14-01:27:59.077062 7f66a3fff700             Options.manifest_preallocation_size: 4194304
2018/11/14-01:27:59.077063 7f66a3fff700                     Options.is_fd_close_on_exec: 1
2018/11/14-01:27:59.077064 7f66a3fff700                   Options.advise_random_on_open: 1
2018/11/14-01:27:59.077065 7f66a3fff700                    Options.db_write_buffer_size: 0
2018/11/14-01:27:59.077066 7f66a3fff700                    Options.write_buffer_manager: 0x7f669c3ce2f0
2018/11/14-01:27:59.077067 7f66a3fff700         Options.access_hint_on_compaction_start: 1
2018/11/14-01:27:59.077067 7f66a3fff700  Options.new_table_reader_for_compaction_inputs: 0
2018/11/14-01:27:59.077068 7f66a3fff700           Options.random_access_max_buffer_size: 1048576
2018/11/14-01:27:59.077069 7f66a3fff700                      Options.use_adaptive_mutex: 0
2018/11/14-01:27:59.077070 7f66a3fff700                            Options.rate_limiter: (nil)
2018/11/14-01:27:59.077072 7f66a3fff700     Options.sst_file_manager.rate_bytes_per_sec: 0
2018/11/14-01:27:59.077073 7f66a3fff700                       Options.wal_recovery_mode: 2
2018/11/14-01:27:59.077074 7f66a3fff700                  Options.enable_thread_tracking: 0
2018/11/14-01:27:59.077074 7f66a3fff700                  Options.enable_pipelined_write: 1
2018/11/14-01:27:59.077084 7f66a3fff700         Options.allow_concurrent_memtable_write: 1
2018/11/14-01:27:59.077085 7f66a3fff700      Options.enable_write_thread_adaptive_yield: 1
2018/11/14-01:27:59.077086 7f66a3fff700             Options.write_thread_max_yield_usec: 100
2018/11/14-01:27:59.077087 7f66a3fff700            Options.write_thread_slow_yield_usec: 3
2018/11/14-01:27:59.077088 7f66a3fff700                               Options.row_cache: None
2018/11/14-01:27:59.077089 7f66a3fff700                              Options.wal_filter: None
2018/11/14-01:27:59.077090 7f66a3fff700             Options.avoid_flush_during_recovery: 0
2018/11/14-01:27:59.077091 7f66a3fff700             Options.allow_ingest_behind: 0
2018/11/14-01:27:59.077092 7f66a3fff700             Options.preserve_deletes: 0
2018/11/14-01:27:59.077092 7f66a3fff700             Options.two_write_queues: 0
2018/11/14-01:27:59.077093 7f66a3fff700             Options.manual_wal_flush: 0
2018/11/14-01:27:59.077095 7f66a3fff700             Options.max_background_jobs: 24
2018/11/14-01:27:59.077096 7f66a3fff700             Options.max_background_compactions: 24
2018/11/14-01:27:59.077097 7f66a3fff700             Options.avoid_flush_during_shutdown: 0
2018/11/14-01:27:59.077098 7f66a3fff700           Options.writable_file_max_buffer_size: 1048576
2018/11/14-01:27:59.077099 7f66a3fff700             Options.delayed_write_rate : 16777216
2018/11/14-01:27:59.077100 7f66a3fff700             Options.max_total_wal_size: 0
2018/11/14-01:27:59.077101 7f66a3fff700             Options.delete_obsolete_files_period_micros: 21600000000
2018/11/14-01:27:59.077102 7f66a3fff700                   Options.stats_dump_period_sec: 60
2018/11/14-01:27:59.077103 7f66a3fff700                          Options.max_open_files: -1
2018/11/14-01:27:59.077103 7f66a3fff700                          Options.bytes_per_sync: 1048576
2018/11/14-01:27:59.077104 7f66a3fff700                      Options.wal_bytes_per_sync: 0
2018/11/14-01:27:59.077105 7f66a3fff700       Options.compaction_readahead_size: 0
2018/11/14-01:27:59.077106 7f66a3fff700 Compression algorithms supported:
2018/11/14-01:27:59.077108 7f66a3fff700 	kZSTDNotFinalCompression supported: 1
2018/11/14-01:27:59.077116 7f66a3fff700 	kZSTD supported: 1
2018/11/14-01:27:59.077118 7f66a3fff700 	kXpressCompression supported: 0
2018/11/14-01:27:59.077119 7f66a3fff700 	kLZ4HCCompression supported: 1
2018/11/14-01:27:59.077120 7f66a3fff700 	kLZ4Compression supported: 1
2018/11/14-01:27:59.077121 7f66a3fff700 	kBZip2Compression supported: 1
2018/11/14-01:27:59.077122 7f66a3fff700 	kZlibCompression supported: 1
2018/11/14-01:27:59.077123 7f66a3fff700 	kSnappyCompression supported: 1
2018/11/14-01:27:59.077127 7f66a3fff700 Fast CRC32 supported: Supported on x86
2018/11/14-01:27:59.077211 7f66a3fff700 [db/db_impl_open.cc:222] Creating manifest 1 
2018/11/14-01:27:59.177265 7f66a3fff700 [db/version_set.cc:3085] Recovering from manifest file: MANIFEST-000001
2018/11/14-01:27:59.177353 7f66a3fff700 [db/column_family.cc:475] --------------- Options for column family [default]:
2018/11/14-01:27:59.177357 7f66a3fff700               Options.comparator: leveldb.BytewiseComparator
2018/11/14-01:27:59.177359 7f66a3fff700           Options.merge_operator: None
2018/11/14-01:27:59.177360 7f66a3fff700        Options.compaction_filter: None
2018/11/14-01:27:59.177361 7f66a3fff700        Options.compaction_filter_factory: None
2018/11/14-01:27:59.177362 7f66a3fff700         Options.memtable_factory: SkipListFactory
2018/11/14-01:27:59.177363 7f66a3fff700            Options.table_factory: BlockBasedTable
2018/11/14-01:27:59.177405 7f66a3fff700            table_factory options:   flush_block_policy_factory: FlushBlockBySizePolicyFactory (0x7f669c38a580)
  cache_index_and_filter_blocks: 0
  cache_index_and_filter_blocks_with_high_priority: 0
  pin_l0_filter_and_index_blocks_in_cache: 0
  index_type: 0
  hash_index_allow_collision: 1
  checksum: 1
  no_block_cache: 0
  block_cache: 0x7f669c393b50
  block_cache_name: LRUCache
  block_cache_options:
    capacity : 8388608
    num_shard_bits : 4
    strict_capacity_limit : 0
    high_pri_pool_ratio: 0.000
  block_cache_compressed: (nil)
  persistent_cache: (nil)
  block_size: 8192
  block_size_deviation: 10
  block_restart_interval: 16
  index_block_restart_interval: 1
  metadata_block_size: 4096
  partition_filters: 0
  use_delta_encoding: 1
  filter_policy: nullptr
  whole_key_filtering: 1
  verify_compression: 0
  read_amp_bytes_per_bit: 0
  format_version: 2
  enable_index_compression: 1
  block_align: 0
2018/11/14-01:27:59.177421 7f66a3fff700        Options.write_buffer_size: 134217728
2018/11/14-01:27:59.177423 7f66a3fff700  Options.max_write_buffer_number: 24
2018/11/14-01:27:59.177424 7f66a3fff700        Options.compression[0]: NoCompression
2018/11/14-01:27:59.177425 7f66a3fff700        Options.compression[1]: NoCompression
2018/11/14-01:27:59.177426 7f66a3fff700        Options.compression[2]: LZ4
2018/11/14-01:27:59.177427 7f66a3fff700        Options.compression[3]: LZ4
2018/11/14-01:27:59.177428 7f66a3fff700        Options.compression[4]: LZ4
2018/11/14-01:27:59.177429 7f66a3fff700        Options.compression[5]: LZ4
2018/11/14-01:27:59.177429 7f66a3fff700        Options.compression[6]: LZ4
2018/11/14-01:27:59.177430 7f66a3fff700                  Options.bottommost_compression: Disabled
2018/11/14-01:27:59.177431 7f66a3fff700       Options.prefix_extractor: nullptr
2018/11/14-01:27:59.177432 7f66a3fff700   Options.memtable_insert_with_hint_prefix_extractor: nullptr
2018/11/14-01:27:59.177433 7f66a3fff700             Options.num_levels: 7
2018/11/14-01:27:59.177434 7f66a3fff700        Options.min_write_buffer_number_to_merge: 2
2018/11/14-01:27:59.177435 7f66a3fff700     Options.max_write_buffer_number_to_maintain: 0
2018/11/14-01:27:59.177435 7f66a3fff700            Options.compression_opts.window_bits: -14
2018/11/14-01:27:59.177436 7f66a3fff700                  Options.compression_opts.level: -1
2018/11/14-01:27:59.177437 7f66a3fff700               Options.compression_opts.strategy: 0
2018/11/14-01:27:59.177438 7f66a3fff700         Options.compression_opts.max_dict_bytes: 0
2018/11/14-01:27:59.177439 7f66a3fff700         Options.compression_opts.zstd_max_train_bytes: 0
2018/11/14-01:27:59.177439 7f66a3fff700      Options.level0_file_num_compaction_trigger: 2
2018/11/14-01:27:59.177440 7f66a3fff700          Options.level0_slowdown_writes_trigger: 20
2018/11/14-01:27:59.177441 7f66a3fff700              Options.level0_stop_writes_trigger: 36
2018/11/14-01:27:59.177442 7f66a3fff700                   Options.target_file_size_base: 67108864
2018/11/14-01:27:59.177443 7f66a3fff700             Options.target_file_size_multiplier: 1
2018/11/14-01:27:59.177443 7f66a3fff700                Options.max_bytes_for_level_base: 536870912
2018/11/14-01:27:59.177444 7f66a3fff700 Options.level_compaction_dynamic_level_bytes: 0
2018/11/14-01:27:59.177445 7f66a3fff700          Options.max_bytes_for_level_multiplier: 10.000000
2018/11/14-01:27:59.177448 7f66a3fff700 Options.max_bytes_for_level_multiplier_addtl[0]: 1
2018/11/14-01:27:59.177449 7f66a3fff700 Options.max_bytes_for_level_multiplier_addtl[1]: 1
2018/11/14-01:27:59.177450 7f66a3fff700 Options.max_bytes_for_level_multiplier_addtl[2]: 1
2018/11/14-01:27:59.177451 7f66a3fff700 Options.max_bytes_for_level_multiplier_addtl[3]: 1
2018/11/14-01:27:59.177452 7f66a3fff700 Options.max_bytes_for_level_multiplier_addtl[4]: 1
2018/11/14-01:27:59.177452 7f66a3fff700 Options.max_bytes_for_level_multiplier_addtl[5]: 1
2018/11/14-01:27:59.177453 7f66a3fff700 Options.max_bytes_for_level_multiplier_addtl[6]: 1
2018/11/14-01:27:59.177454 7f66a3fff700       Options.max_sequential_skip_in_iterations: 8
2018/11/14-01:27:59.177455 7f66a3fff700                    Options.max_compaction_bytes: 1677721600
2018/11/14-01:27:59.177456 7f66a3fff700                        Options.arena_block_size: 16777216
2018/11/14-01:27:59.177456 7f66a3fff700   Options.soft_pending_compaction_bytes_limit: 68719476736
2018/11/14-01:27:59.177457 7f66a3fff700   Options.hard_pending_compaction_bytes_limit: 274877906944
2018/11/14-01:27:59.177464 7f66a3fff700       Options.rate_limit_delay_max_milliseconds: 100
2018/11/14-01:27:59.177465 7f66a3fff700                Options.disable_auto_compactions: 0
2018/11/14-01:27:59.177467 7f66a3fff700                        Options.compaction_style: kCompactionStyleLevel
2018/11/14-01:27:59.177469 7f66a3fff700                          Options.compaction_pri: kByCompensatedSize
2018/11/14-01:27:59.177469 7f66a3fff700 Options.compaction_options_universal.size_ratio: 1
2018/11/14-01:27:59.177470 7f66a3fff700 Options.compaction_options_universal.min_merge_width: 2
2018/11/14-01:27:59.177471 7f66a3fff700 Options.compaction_options_universal.max_merge_width: 4294967295
2018/11/14-01:27:59.177472 7f66a3fff700 Options.compaction_options_universal.max_size_amplification_percent: 200
2018/11/14-01:27:59.177473 7f66a3fff700 Options.compaction_options_universal.compression_size_percent: -1
2018/11/14-01:27:59.177474 7f66a3fff700 Options.compaction_options_universal.stop_style: kCompactionStopStyleTotalSize
2018/11/14-01:27:59.177475 7f66a3fff700 Options.compaction_options_fifo.max_table_files_size: 1073741824
2018/11/14-01:27:59.177476 7f66a3fff700 Options.compaction_options_fifo.allow_compaction: 0
2018/11/14-01:27:59.177477 7f66a3fff700 Options.compaction_options_fifo.ttl: 0
2018/11/14-01:27:59.177478 7f66a3fff700                   Options.table_properties_collectors: 
2018/11/14-01:27:59.177478 7f66a3fff700                   Options.inplace_update_support: 0
2018/11/14-01:27:59.177479 7f66a3fff700                 Options.inplace_update_num_locks: 10000
2018/11/14-01:27:59.177480 7f66a3fff700               Options.memtable_prefix_bloom_size_ratio: 0.000000
2018/11/14-01:27:59.177482 7f66a3fff700   Options.memtable_huge_page_size: 0
2018/11/14-01:27:59.177482 7f66a3fff700                           Options.bloom_locality: 0
2018/11/14-01:27:59.177483 7f66a3fff700                    Options.max_successive_merges: 0
2018/11/14-01:27:59.177484 7f66a3fff700                Options.optimize_filters_for_hits: 0
2018/11/14-01:27:59.177485 7f66a3fff700                Options.paranoid_file_checks: 0
2018/11/14-01:27:59.177486 7f66a3fff700                Options.force_consistency_checks: 0
2018/11/14-01:27:59.177486 7f66a3fff700                Options.report_bg_io_stats: 0
2018/11/14-01:27:59.177487 7f66a3fff700                               Options.ttl: 0
2018/11/14-01:27:59.178262 7f66a3fff700 [db/version_set.cc:3361] Recovered from manifest file:/mnt/sdb/ycsb-rocksdb-data/MANIFEST-000001 succeeded,manifest_file_number is 1, next_file_number is 3, last_sequence is 0, log_number is 0,prev_log_number is 0,max_column_family is 0,min_log_number_to_keep is 0
2018/11/14-01:27:59.178269 7f66a3fff700 [db/version_set.cc:3369] Column family [default] (ID 0), log number is 0
2018/11/14-01:27:59.178472 7f66a3fff700 [db/version_set.cc:2847] Creating manifest 4
2018/11/14-01:27:59.250617 7f66a3fff700 [db/column_family.cc:475] --------------- Options for column family [usertable]:
2018/11/14-01:27:59.250621 7f66a3fff700               Options.comparator: leveldb.BytewiseComparator
2018/11/14-01:27:59.250622 7f66a3fff700           Options.merge_operator: None
2018/11/14-01:27:59.250623 7f66a3fff700        Options.compaction_filter: None
2018/11/14-01:27:59.250624 7f66a3fff700        Options.compaction_filter_factory: None
2018/11/14-01:27:59.250625 7f66a3fff700         Options.memtable_factory: SkipListFactory
2018/11/14-01:27:59.250626 7f66a3fff700            Options.table_factory: BlockBasedTable
2018/11/14-01:27:59.250653 7f66a3fff700            table_factory options:   flush_block_policy_factory: FlushBlockBySizePolicyFactory (0x7f669c38a560)
  cache_index_and_filter_blocks: 0
  cache_index_and_filter_blocks_with_high_priority: 0
  pin_l0_filter_and_index_blocks_in_cache: 0
  index_type: 0
  hash_index_allow_collision: 1
  checksum: 1
  no_block_cache: 0
  block_cache: 0x7f669c38ae30
  block_cache_name: LRUCache
  block_cache_options:
    capacity : 8388608
    num_shard_bits : 4
    strict_capacity_limit : 0
    high_pri_pool_ratio: 0.000
  block_cache_compressed: (nil)
  persistent_cache: (nil)
  block_size: 8192
  block_size_deviation: 10
  block_restart_interval: 16
  index_block_restart_interval: 1
  metadata_block_size: 4096
  partition_filters: 0
  use_delta_encoding: 1
  filter_policy: nullptr
  whole_key_filtering: 1
  verify_compression: 0
  read_amp_bytes_per_bit: 0
  format_version: 2
  enable_index_compression: 1
  block_align: 0
2018/11/14-01:27:59.250655 7f66a3fff700        Options.write_buffer_size: 134217728
2018/11/14-01:27:59.250656 7f66a3fff700  Options.max_write_buffer_number: 24
2018/11/14-01:27:59.250657 7f66a3fff700        Options.compression[0]: NoCompression
2018/11/14-01:27:59.250658 7f66a3fff700        Options.compression[1]: NoCompression
2018/11/14-01:27:59.250659 7f66a3fff700        Options.compression[2]: LZ4
2018/11/14-01:27:59.250670 7f66a3fff700        Options.compression[3]: LZ4
2018/11/14-01:27:59.250671 7f66a3fff700        Options.compression[4]: LZ4
2018/11/14-01:27:59.250671 7f66a3fff700        Options.compression[5]: LZ4
2018/11/14-01:27:59.250672 7f66a3fff700        Options.compression[6]: LZ4
2018/11/14-01:27:59.250673 7f66a3fff700                  Options.bottommost_compression: Disabled
2018/11/14-01:27:59.250674 7f66a3fff700       Options.prefix_extractor: nullptr
2018/11/14-01:27:59.250675 7f66a3fff700   Options.memtable_insert_with_hint_prefix_extractor: nullptr
2018/11/14-01:27:59.250676 7f66a3fff700             Options.num_levels: 7
2018/11/14-01:27:59.250677 7f66a3fff700        Options.min_write_buffer_number_to_merge: 2
2018/11/14-01:27:59.250678 7f66a3fff700     Options.max_write_buffer_number_to_maintain: 0
2018/11/14-01:27:59.250678 7f66a3fff700            Options.compression_opts.window_bits: -14
2018/11/14-01:27:59.250679 7f66a3fff700                  Options.compression_opts.level: -1
2018/11/14-01:27:59.250680 7f66a3fff700               Options.compression_opts.strategy: 0
2018/11/14-01:27:59.250681 7f66a3fff700         Options.compression_opts.max_dict_bytes: 0
2018/11/14-01:27:59.250682 7f66a3fff700         Options.compression_opts.zstd_max_train_bytes: 0
2018/11/14-01:27:59.250683 7f66a3fff700      Options.level0_file_num_compaction_trigger: 2
2018/11/14-01:27:59.250683 7f66a3fff700          Options.level0_slowdown_writes_trigger: 20
2018/11/14-01:27:59.250684 7f66a3fff700              Options.level0_stop_writes_trigger: 36
2018/11/14-01:27:59.250685 7f66a3fff700                   Options.target_file_size_base: 67108864
2018/11/14-01:27:59.250686 7f66a3fff700             Options.target_file_size_multiplier: 1
2018/11/14-01:27:59.250687 7f66a3fff700                Options.max_bytes_for_level_base: 536870912
2018/11/14-01:27:59.250688 7f66a3fff700 Options.level_compaction_dynamic_level_bytes: 0
2018/11/14-01:27:59.250689 7f66a3fff700          Options.max_bytes_for_level_multiplier: 10.000000
2018/11/14-01:27:59.250691 7f66a3fff700 Options.max_bytes_for_level_multiplier_addtl[0]: 1
2018/11/14-01:27:59.250702 7f66a3fff700 Options.max_bytes_for_level_multiplier_addtl[1]: 1
2018/11/14-01:27:59.250704 7f66a3fff700 Options.max_bytes_for_level_multiplier_addtl[2]: 1
2018/11/14-01:27:59.250705 7f66a3fff700 Options.max_bytes_for_level_multiplier_addtl[3]: 1
2018/11/14-01:27:59.250706 7f66a3fff700 Options.max_bytes_for_level_multiplier_addtl[4]: 1
2018/11/14-01:27:59.250706 7f66a3fff700 Options.max_bytes_for_level_multiplier_addtl[5]: 1
2018/11/14-01:27:59.250707 7f66a3fff700 Options.max_bytes_for_level_multiplier_addtl[6]: 1
2018/11/14-01:27:59.250708 7f66a3fff700       Options.max_sequential_skip_in_iterations: 8
2018/11/14-01:27:59.250709 7f66a3fff700                    Options.max_compaction_bytes: 1677721600
2018/11/14-01:27:59.250710 7f66a3fff700                        Options.arena_block_size: 16777216
2018/11/14-01:27:59.250710 7f66a3fff700   Options.soft_pending_compaction_bytes_limit: 68719476736
2018/11/14-01:27:59.250711 7f66a3fff700   Options.hard_pending_compaction_bytes_limit: 274877906944
2018/11/14-01:27:59.250712 7f66a3fff700       Options.rate_limit_delay_max_milliseconds: 100
2018/11/14-01:27:59.250713 7f66a3fff700                Options.disable_auto_compactions: 0
2018/11/14-01:27:59.250715 7f66a3fff700                        Options.compaction_style: kCompactionStyleLevel
2018/11/14-01:27:59.250716 7f66a3fff700                          Options.compaction_pri: kByCompensatedSize
2018/11/14-01:27:59.250717 7f66a3fff700 Options.compaction_options_universal.size_ratio: 1
2018/11/14-01:27:59.250718 7f66a3fff700 Options.compaction_options_universal.min_merge_width: 2
2018/11/14-01:27:59.250719 7f66a3fff700 Options.compaction_options_universal.max_merge_width: 4294967295
2018/11/14-01:27:59.250720 7f66a3fff700 Options.compaction_options_universal.max_size_amplification_percent: 200
2018/11/14-01:27:59.250720 7f66a3fff700 Options.compaction_options_universal.compression_size_percent: -1
2018/11/14-01:27:59.250722 7f66a3fff700 Options.compaction_options_universal.stop_style: kCompactionStopStyleTotalSize
2018/11/14-01:27:59.250723 7f66a3fff700 Options.compaction_options_fifo.max_table_files_size: 1073741824
2018/11/14-01:27:59.250724 7f66a3fff700 Options.compaction_options_fifo.allow_compaction: 0
2018/11/14-01:27:59.250725 7f66a3fff700 Options.compaction_options_fifo.ttl: 0
2018/11/14-01:27:59.250726 7f66a3fff700                   Options.table_properties_collectors: 
2018/11/14-01:27:59.250726 7f66a3fff700                   Options.inplace_update_support: 0
2018/11/14-01:27:59.250727 7f66a3fff700                 Options.inplace_update_num_locks: 10000
2018/11/14-01:27:59.250728 7f66a3fff700               Options.memtable_prefix_bloom_size_ratio: 0.000000
2018/11/14-01:27:59.250730 7f66a3fff700   Options.memtable_huge_page_size: 0
2018/11/14-01:27:59.250730 7f66a3fff700                           Options.bloom_locality: 0
2018/11/14-01:27:59.250731 7f66a3fff700                    Options.max_successive_merges: 0
2018/11/14-01:27:59.250732 7f66a3fff700                Options.optimize_filters_for_hits: 0
2018/11/14-01:27:59.250733 7f66a3fff700                Options.paranoid_file_checks: 0
2018/11/14-01:27:59.250734 7f66a3fff700                Options.force_consistency_checks: 0
2018/11/14-01:27:59.250734 7f66a3fff700                Options.report_bg_io_stats: 0
2018/11/14-01:27:59.250735 7f66a3fff700                               Options.ttl: 0
2018/11/14-01:27:59.250789 7f66a3fff700 [db/db_impl.cc:1396] Created column family [usertable] (ID 1)
2018/11/14-01:27:59.326959 7f66a3fff700 [db/db_impl_open.cc:1219] DB pointer 0x7f669c3d06f0
2018/11/14-01:27:59.769008 7f66a3efe700 [db/db_impl_write.cc:1373] [usertable] New memtable created with log file: #9. Immutable memtables: 0.
2018/11/14-01:28:00.052000 7f66a3fff700 [db/db_impl_write.cc:1373] [usertable] New memtable created with log file: #10. Immutable memtables: 1.
2018/11/14-01:28:00.052170 7f66397fa700 [db/db_impl_compaction_flush.cc:80] [JOB 2] Syncing log #3
2018/11/14-01:28:00.388347 7f66a3fff700 [db/db_impl_write.cc:1373] [usertable] New memtable created with log file: #12. Immutable memtables: 2.
2018/11/14-01:28:00.788139 7f66a3dfd700 [db/db_impl_write.cc:1373] [usertable] New memtable created with log file: #13. Immutable memtables: 3.
2018/11/14-01:28:01.195905 7f66397fa700 [db/db_impl_compaction_flush.cc:80] [JOB 2] Syncing log #9
2018/11/14-01:28:01.246787 7f66a3fff700 [db/db_impl_write.cc:1373] [usertable] New memtable created with log file: #15. Immutable memtables: 4.
2018/11/14-01:28:01.564050 7f66a3fff700 [db/db_impl_write.cc:1373] [usertable] New memtable created with log file: #16. Immutable memtables: 5.
2018/11/14-01:28:01.919661 7f669befe700 [db/db_impl_write.cc:1373] [usertable] New memtable created with log file: #18. Immutable memtables: 6.
2018/11/14-01:28:02.276433 7f66a3dfd700 [db/db_impl_write.cc:1373] [usertable] New memtable created with log file: #19. Immutable memtables: 7.
2018/11/14-01:28:02.292008 7f66397fa700 (Original Log Time 2018/11/14-01:28:00.052099) [db/db_impl_compaction_flush.cc:1424] Calling FlushMemTableToOutputFile with column family [usertable], flush slots available 24, compaction slots available 1, flush slots scheduled 1, compaction slots scheduled 0
2018/11/14-01:28:02.292017 7f66397fa700 [db/flush_job.cc:301] [usertable] [JOB 2] Flushing memtable with next log file: 9
2018/11/14-01:28:02.292028 7f66397fa700 [db/flush_job.cc:301] [usertable] [JOB 2] Flushing memtable with next log file: 10
2018/11/14-01:28:02.292031 7f661bfff700 [db/db_impl_compaction_flush.cc:80] [JOB 4] Syncing log #10
2018/11/14-01:28:02.292081 7f66397fa700 EVENT_LOG_v1 {"time_micros": 1542187682292059, "job": 2, "event": "flush_started", "num_memtables": 2, "num_entries": 59194, "num_deletes": 0, "memory_usage": 260141512, "flush_reason": "Write Buffer Full"}
2018/11/14-01:28:02.292093 7f66397fa700 [db/flush_job.cc:331] [usertable] [JOB 2] Level-0 flush table #11: started
2018/11/14-01:28:02.612028 7f66a3dfd700 [db/db_impl_write.cc:1373] [usertable] New memtable created with log file: #21. Immutable memtables: 8.
2018/11/14-01:28:02.958391 7f669befe700 [db/db_impl_write.cc:1373] [usertable] New memtable created with log file: #22. Immutable memtables: 9.
2018/11/14-01:28:03.300230 7f66a3dfd700 [db/db_impl_write.cc:1373] [usertable] New memtable created with log file: #24. Immutable memtables: 10.
2018/11/14-01:28:03.600223 7f661bfff700 [db/db_impl_compaction_flush.cc:80] [JOB 4] Syncing log #12
2018/11/14-01:28:03.651048 7f66a3fff700 [db/db_impl_write.cc:1373] [usertable] New memtable created with log file: #25. Immutable memtables: 11.
2018/11/14-01:28:04.014940 7f66a3dfd700 [db/db_impl_write.cc:1373] [usertable] New memtable created with log file: #27. Immutable memtables: 12.
2018/11/14-01:28:04.388588 7f66a3dfd700 [db/db_impl_write.cc:1373] [usertable] New memtable created with log file: #28. Immutable memtables: 13.
2018/11/14-01:28:04.761455 7f66a3efe700 [db/db_impl_write.cc:1373] [usertable] New memtable created with log file: #30. Immutable memtables: 14.
2018/11/14-01:28:05.102772 7f66a3fff700 [db/db_impl_write.cc:1373] [usertable] New memtable created with log file: #31. Immutable memtables: 15.
2018/11/14-01:28:05.434520 7f66a3fff700 [db/db_impl_write.cc:1373] [usertable] New memtable created with log file: #33. Immutable memtables: 16.
2018/11/14-01:28:05.779449 7f66a3efe700 [db/db_impl_write.cc:1373] [usertable] New memtable created with log file: #34. Immutable memtables: 17.
2018/11/14-01:28:06.123481 7f66a3fff700 [db/db_impl_write.cc:1373] [usertable] New memtable created with log file: #36. Immutable memtables: 18.
2018/11/14-01:28:06.448243 7f66a3fff700 [db/db_impl_write.cc:1373] [usertable] New memtable created with log file: #37. Immutable memtables: 19.
2018/11/14-01:28:06.714576 7f661bfff700 [db/db_impl_compaction_flush.cc:80] [JOB 4] Syncing log #13
2018/11/14-01:28:06.715552 7f66397fa700 EVENT_LOG_v1 {"time_micros": 1542187686715526, "cf_name": "usertable", "job": 2, "event": "table_file_creation", "file_number": 11, "file_size": 245146040, "table_properties": {"data_size": 244056862, "index_size": 1088251, "filter_size": 0, "raw_key_size": 1420656, "raw_average_key_size": 24, "raw_value_size": 242458624, "raw_average_value_size": 4096, "num_data_blocks": 29597, "num_entries": 59194, "filter_policy_name": "", "kDeletedKeys": "0", "kMergeOperands": "0"}}
2018/11/14-01:28:06.715581 7f66397fa700 [db/flush_job.cc:371] [usertable] [JOB 2] Level-0 flush table #11: 245146040 bytes OK
2018/11/14-01:28:06.781659 7f66a3fff700 [db/db_impl_write.cc:1373] [usertable] New memtable created with log file: #39. Immutable memtables: 20.
2018/11/14-01:28:06.888882 7f66397fa700 (Original Log Time 2018/11/14-01:28:06.715602) [db/memtable_list.cc:377] [usertable] Level-0 commit table #11 started
2018/11/14-01:28:06.888887 7f66397fa700 (Original Log Time 2018/11/14-01:28:06.888729) [db/memtable_list.cc:409] [usertable] Level-0 commit table #11: memtable #1 done
2018/11/14-01:28:06.888889 7f66397fa700 (Original Log Time 2018/11/14-01:28:06.888751) [db/memtable_list.cc:409] [usertable] Level-0 commit table #11: memtable #2 done
2018/11/14-01:28:06.888890 7f66397fa700 (Original Log Time 2018/11/14-01:28:06.888799) EVENT_LOG_v1 {"time_micros": 1542187686888776, "job": 2, "event": "flush_finished", "output_compression": "NoCompression", "lsm_state": [1, 0, 0, 0, 0, 0, 0], "immutable_memtables": 19}
2018/11/14-01:28:06.888892 7f66397fa700 (Original Log Time 2018/11/14-01:28:06.888834) [db/db_impl_compaction_flush.cc:177] [usertable] Level summary: base level 1 max bytes base 536870912 files[1 0 0 0 0 0 0] max score 0.50
2018/11/14-01:28:06.888907 7f66397fa700 [db/db_impl_files.cc:347] [JOB 2] Try to delete WAL files size 244236718, prev total WAL file size 2723090426, number of live WAL files 22.
2018/11/14-01:28:07.110405 7f669befe700 [db/db_impl_write.cc:1373] [usertable] New memtable created with log file: #40. Immutable memtables: 19.
2018/11/14-01:28:07.429223 7f66a3efe700 [db/db_impl_write.cc:1373] [usertable] New memtable created with log file: #42. Immutable memtables: 20.
2018/11/14-01:28:07.767145 7f669befe700 [db/db_impl_write.cc:1373] [usertable] New memtable created with log file: #43. Immutable memtables: 21.
2018/11/14-01:28:07.842169 7f661bfff700 [db/db_impl_compaction_flush.cc:80] [JOB 4] Syncing log #15
2018/11/14-01:28:08.112635 7f66a3efe700 [db/db_impl_write.cc:1373] [usertable] New memtable created with log file: #45. Immutable memtables: 22.
2018/11/14-01:28:08.112669 7f66a3efe700 [WARN] [db/column_family.cc:779] [usertable] Stalling writes because we have 23 immutable memtables (waiting for flush), max_write_buffer_number is set to 24 rate 16777216
2018/11/14-01:28:08.955449 7f661bfff700 (Original Log Time 2018/11/14-01:28:01.564133) [db/db_impl_compaction_flush.cc:1424] Calling FlushMemTableToOutputFile with column family [usertable], flush slots available 24, compaction slots available 1, flush slots scheduled 3, compaction slots scheduled 0
2018/11/14-01:28:08.955460 7f661bfff700 [db/flush_job.cc:301] [usertable] [JOB 4] Flushing memtable with next log file: 15
2018/11/14-01:28:08.955467 7f661bfff700 [db/flush_job.cc:301] [usertable] [JOB 4] Flushing memtable with next log file: 16
2018/11/14-01:28:08.955485 7f6613fff700 [db/db_impl_compaction_flush.cc:80] [JOB 5] Syncing log #16
2018/11/14-01:28:08.955497 7f661bfff700 EVENT_LOG_v1 {"time_micros": 1542187688955488, "job": 4, "event": "flush_started", "num_memtables": 2, "num_entries": 62752, "num_deletes": 0, "memory_usage": 260133712, "flush_reason": "Write Buffer Full"}
2018/11/14-01:28:08.955503 7f661bfff700 [db/flush_job.cc:331] [usertable] [JOB 4] Level-0 flush table #17: started
2018/11/14-01:28:08.955625 7f6638ff9700 (Original Log Time 2018/11/14-01:28:00.788242) [db/db_impl_compaction_flush.cc:1424] Calling FlushMemTableToOutputFile with column family [usertable], flush slots available 24, compaction slots available 1, flush slots scheduled 2, compaction slots scheduled 0
2018/11/14-01:28:08.955632 7f6638ff9700 [db/flush_job.cc:301] [usertable] [JOB 3] Flushing memtable with next log file: 12
2018/11/14-01:28:08.955640 7f6638ff9700 [db/flush_job.cc:301] [usertable] [JOB 3] Flushing memtable with next log file: 13
2018/11/14-01:28:08.955666 7f6638ff9700 EVENT_LOG_v1 {"time_micros": 1542187688955657, "job": 3, "event": "flush_started", "num_memtables": 2, "num_entries": 61749, "num_deletes": 0, "memory_usage": 260129128, "flush_reason": "Write Buffer Full"}
2018/11/14-01:28:08.955672 7f6638ff9700 [db/flush_job.cc:331] [usertable] [JOB 3] Level-0 flush table #14: started
2018/11/14-01:28:12.061934 7f6613fff700 [db/db_impl_compaction_flush.cc:80] [JOB 5] Syncing log #18
2018/11/14-01:28:15.836495 7f66a3dfd700 [db/db_impl_write.cc:1373] [usertable] New memtable created with log file: #46. Immutable memtables: 23.
2018/11/14-01:28:15.836540 7f66a3dfd700 [WARN] [db/column_family.cc:743] [usertable] Stopping writes because we have 24 immutable memtables (waiting for flush), max_write_buffer_number is set to 24
2018/11/14-01:28:16.511489 7f6613fff700 (Original Log Time 2018/11/14-01:28:02.276497) [db/db_impl_compaction_flush.cc:1424] Calling FlushMemTableToOutputFile with column family [usertable], flush slots available 24, compaction slots available 1, flush slots scheduled 4, compaction slots scheduled 0
2018/11/14-01:28:16.511500 7f6613fff700 [db/flush_job.cc:301] [usertable] [JOB 5] Flushing memtable with next log file: 18
2018/11/14-01:28:16.511506 7f6613fff700 [db/flush_job.cc:301] [usertable] [JOB 5] Flushing memtable with next log file: 19
2018/11/14-01:28:16.511512 7f661b7fe700 [db/db_impl_compaction_flush.cc:80] [JOB 6] Syncing log #19
2018/11/14-01:28:16.511534 7f6613fff700 EVENT_LOG_v1 {"time_micros": 1542187696511525, "job": 5, "event": "flush_started", "num_memtables": 2, "num_entries": 62752, "num_deletes": 0, "memory_usage": 260137944, "flush_reason": "Write Buffer Full"}
2018/11/14-01:28:16.511541 7f6613fff700 [db/flush_job.cc:331] [usertable] [JOB 5] Level-0 flush table #20: started
2018/11/14-01:28:20.698191 7f6638ff9700 EVENT_LOG_v1 {"time_micros": 1542187700698167, "cf_name": "usertable", "job": 3, "event": "table_file_creation", "file_number": 14, "file_size": 255727317, "table_properties": {"data_size": 254591141, "index_size": 1135249, "filter_size": 0, "raw_key_size": 1481976, "raw_average_key_size": 24, "raw_value_size": 252923904, "raw_average_value_size": 4096, "num_data_blocks": 30875, "num_entries": 61749, "filter_policy_name": "", "kDeletedKeys": "0", "kMergeOperands": "0"}}
2018/11/14-01:28:20.698219 7f6638ff9700 [db/flush_job.cc:371] [usertable] [JOB 3] Level-0 flush table #14: 255727317 bytes OK
2018/11/14-01:28:20.757483 7f661b7fe700 [db/db_impl_compaction_flush.cc:80] [JOB 6] Syncing log #21
2018/11/14-01:28:20.758173 7f6613fff700 EVENT_LOG_v1 {"time_micros": 1542187700758159, "cf_name": "usertable", "job": 5, "event": "table_file_creation", "file_number": 20, "file_size": 259895044, "table_properties": {"data_size": 258733469, "index_size": 1160648, "filter_size": 0, "raw_key_size": 1506048, "raw_average_key_size": 24, "raw_value_size": 257032192, "raw_average_value_size": 4096, "num_data_blocks": 31376, "num_entries": 62752, "filter_policy_name": "", "kDeletedKeys": "0", "kMergeOperands": "0"}}
2018/11/14-01:28:20.758187 7f6613fff700 [db/flush_job.cc:371] [usertable] [JOB 5] Level-0 flush table #20: 259895044 bytes OK
2018/11/14-01:28:20.758217 7f6613fff700 [WARN] [db/column_family.cc:743] [usertable] Stopping writes because we have 24 immutable memtables (waiting for flush), max_write_buffer_number is set to 24
2018/11/14-01:28:20.758227 7f661bfff700 EVENT_LOG_v1 {"time_micros": 1542187700758212, "cf_name": "usertable", "job": 4, "event": "table_file_creation", "file_number": 17, "file_size": 259895042, "table_properties": {"data_size": 258733467, "index_size": 1160648, "filter_size": 0, "raw_key_size": 1506048, "raw_average_key_size": 24, "raw_value_size": 257032192, "raw_average_value_size": 4096, "num_data_blocks": 31376, "num_entries": 62752, "filter_policy_name": "", "kDeletedKeys": "0", "kMergeOperands": "0"}}
2018/11/14-01:28:20.758242 7f661bfff700 [db/flush_job.cc:371] [usertable] [JOB 4] Level-0 flush table #17: 259895042 bytes OK
2018/11/14-01:28:20.758253 7f6613fff700 (Original Log Time 2018/11/14-01:28:20.758205) EVENT_LOG_v1 {"time_micros": 1542187700758197, "job": 5, "event": "flush_finished", "output_compression": "NoCompression", "lsm_state": [1, 0, 0, 0, 0, 0, 0], "immutable_memtables": 24}
2018/11/14-01:28:20.758256 7f6613fff700 (Original Log Time 2018/11/14-01:28:20.758232) [db/db_impl_compaction_flush.cc:177] [usertable] Level summary: base level 1 max bytes base 536870912 files[1 0 0 0 0 0 0] max score 0.50
2018/11/14-01:28:20.758270 7f661bfff700 [WARN] [db/column_family.cc:743] [usertable] Stopping writes because we have 24 immutable memtables (waiting for flush), max_write_buffer_number is set to 24
2018/11/14-01:28:20.758287 7f661bfff700 (Original Log Time 2018/11/14-01:28:20.758265) EVENT_LOG_v1 {"time_micros": 1542187700758261, "job": 4, "event": "flush_finished", "output_compression": "NoCompression", "lsm_state": [1, 0, 0, 0, 0, 0, 0], "immutable_memtables": 24}
2018/11/14-01:28:20.758290 7f661bfff700 (Original Log Time 2018/11/14-01:28:20.758278) [db/db_impl_compaction_flush.cc:177] [usertable] Level summary: base level 1 max bytes base 536870912 files[1 0 0 0 0 0 0] max score 0.50
2018/11/14-01:28:21.531358 7f661b7fe700 (Original Log Time 2018/11/14-01:28:02.958496) [db/db_impl_compaction_flush.cc:1424] Calling FlushMemTableToOutputFile with column family [usertable], flush slots available 24, compaction slots available 1, flush slots scheduled 5, compaction slots scheduled 0
2018/11/14-01:28:21.531367 7f661b7fe700 [db/flush_job.cc:301] [usertable] [JOB 6] Flushing memtable with next log file: 21
2018/11/14-01:28:21.531395 7f661b7fe700 [db/flush_job.cc:301] [usertable] [JOB 6] Flushing memtable with next log file: 22
2018/11/14-01:28:21.531414 7f661b7fe700 EVENT_LOG_v1 {"time_micros": 1542187701531408, "job": 6, "event": "flush_started", "num_memtables": 2, "num_entries": 62753, "num_deletes": 0, "memory_usage": 260141536, "flush_reason": "Write Buffer Full"}
2018/11/14-01:28:21.531412 7f6638ff9700 [db/column_family.cc:837] [usertable] Increasing compaction threads because we have 4 level-0 files 
2018/11/14-01:28:21.531419 7f661b7fe700 [db/flush_job.cc:331] [usertable] [JOB 6] Level-0 flush table #23: started
2018/11/14-01:28:21.531472 7f6638ff9700 (Original Log Time 2018/11/14-01:28:20.698235) [db/memtable_list.cc:377] [usertable] Level-0 commit table #14 started
2018/11/14-01:28:21.531476 7f6638ff9700 (Original Log Time 2018/11/14-01:28:21.047499) [db/memtable_list.cc:409] [usertable] Level-0 commit table #14: memtable #1 done
2018/11/14-01:28:21.531477 7f6638ff9700 (Original Log Time 2018/11/14-01:28:21.047502) [db/memtable_list.cc:409] [usertable] Level-0 commit table #14: memtable #2 done
2018/11/14-01:28:21.531479 7f6638ff9700 (Original Log Time 2018/11/14-01:28:21.047504) [db/memtable_list.cc:377] [usertable] Level-0 commit table #17 started
2018/11/14-01:28:21.531480 7f6638ff9700 (Original Log Time 2018/11/14-01:28:21.047505) [db/memtable_list.cc:377] [usertable] Level-0 commit table #20 started
2018/11/14-01:28:21.531482 7f6638ff9700 (Original Log Time 2018/11/14-01:28:21.531359) [db/memtable_list.cc:409] [usertable] Level-0 commit table #17: memtable #1 done
2018/11/14-01:28:21.531483 7f6638ff9700 (Original Log Time 2018/11/14-01:28:21.531363) [db/memtable_list.cc:409] [usertable] Level-0 commit table #17: memtable #2 done
2018/11/14-01:28:21.531485 7f6638ff9700 (Original Log Time 2018/11/14-01:28:21.531364) [db/memtable_list.cc:409] [usertable] Level-0 commit table #20: memtable #3 done
2018/11/14-01:28:21.531486 7f6638ff9700 (Original Log Time 2018/11/14-01:28:21.531365) [db/memtable_list.cc:409] [usertable] Level-0 commit table #20: memtable #4 done
2018/11/14-01:28:21.531487 7f6638ff9700 (Original Log Time 2018/11/14-01:28:21.531402) EVENT_LOG_v1 {"time_micros": 1542187701531393, "job": 3, "event": "flush_finished", "output_compression": "NoCompression", "lsm_state": [4, 0, 0, 0, 0, 0, 0], "immutable_memtables": 18}
