2018/11/21-02:26:50.755989 7f925ef1f0 RocksDB version: 5.14.3
2018/11/21-02:26:50.756171 7f925ef1f0 Git sha rocksdb_build_git_sha:
2018/11/21-02:26:50.756179 7f925ef1f0 Compile date Nov 15 2018
2018/11/21-02:26:50.756188 7f925ef1f0 DB SUMMARY
2018/11/21-02:26:50.756236 7f925ef1f0 SST files in /mnt/sda/ycsb-rocksdb-data dir, Total Num: 0, files: 
2018/11/21-02:26:50.756243 7f925ef1f0 Write Ahead Log file in /mnt/sda/ycsb-rocksdb-data: 
2018/11/21-02:26:50.756250 7f925ef1f0                         Options.error_if_exists: 0
2018/11/21-02:26:50.756254 7f925ef1f0                       Options.create_if_missing: 1
2018/11/21-02:26:50.756257 7f925ef1f0                         Options.paranoid_checks: 1
2018/11/21-02:26:50.756260 7f925ef1f0                                     Options.env: 0x7f922eff18
2018/11/21-02:26:50.756264 7f925ef1f0                                Options.info_log: 0x7f3c3e7df0
2018/11/21-02:26:50.756267 7f925ef1f0                Options.max_file_opening_threads: 16
2018/11/21-02:26:50.756271 7f925ef1f0                              Options.statistics: (nil)
2018/11/21-02:26:50.756274 7f925ef1f0                               Options.use_fsync: 0
2018/11/21-02:26:50.756277 7f925ef1f0                       Options.max_log_file_size: 0
2018/11/21-02:26:50.756280 7f925ef1f0                  Options.max_manifest_file_size: 18446744073709551615
2018/11/21-02:26:50.756283 7f925ef1f0                   Options.log_file_time_to_roll: 0
2018/11/21-02:26:50.756286 7f925ef1f0                       Options.keep_log_file_num: 1000
2018/11/21-02:26:50.756290 7f925ef1f0                    Options.recycle_log_file_num: 0
2018/11/21-02:26:50.756292 7f925ef1f0                         Options.allow_fallocate: 1
2018/11/21-02:26:50.756295 7f925ef1f0                        Options.allow_mmap_reads: 0
2018/11/21-02:26:50.756298 7f925ef1f0                       Options.allow_mmap_writes: 0
2018/11/21-02:26:50.756301 7f925ef1f0                        Options.use_direct_reads: 0
2018/11/21-02:26:50.756304 7f925ef1f0                        Options.use_direct_io_for_flush_and_compaction: 0
2018/11/21-02:26:50.756307 7f925ef1f0          Options.create_missing_column_families: 1
2018/11/21-02:26:50.756310 7f925ef1f0                              Options.db_log_dir: 
2018/11/21-02:26:50.756313 7f925ef1f0                                 Options.wal_dir: /mnt/sda/ycsb-rocksdb-data
2018/11/21-02:26:50.756316 7f925ef1f0                Options.table_cache_numshardbits: 6
2018/11/21-02:26:50.756319 7f925ef1f0                      Options.max_subcompactions: 4
2018/11/21-02:26:50.756322 7f925ef1f0                  Options.max_background_flushes: 6
2018/11/21-02:26:50.756324 7f925ef1f0                         Options.WAL_ttl_seconds: 0
2018/11/21-02:26:50.756327 7f925ef1f0                       Options.WAL_size_limit_MB: 0
2018/11/21-02:26:50.756330 7f925ef1f0             Options.manifest_preallocation_size: 4194304
2018/11/21-02:26:50.756333 7f925ef1f0                     Options.is_fd_close_on_exec: 1
2018/11/21-02:26:50.756336 7f925ef1f0                   Options.advise_random_on_open: 1
2018/11/21-02:26:50.756339 7f925ef1f0                    Options.db_write_buffer_size: 0
2018/11/21-02:26:50.756343 7f925ef1f0                    Options.write_buffer_manager: 0x7f3c3e91e0
2018/11/21-02:26:50.756346 7f925ef1f0         Options.access_hint_on_compaction_start: 1
2018/11/21-02:26:50.756349 7f925ef1f0  Options.new_table_reader_for_compaction_inputs: 0
2018/11/21-02:26:50.756352 7f925ef1f0           Options.random_access_max_buffer_size: 1048576
2018/11/21-02:26:50.756355 7f925ef1f0                      Options.use_adaptive_mutex: 0
2018/11/21-02:26:50.756359 7f925ef1f0                            Options.rate_limiter: (nil)
2018/11/21-02:26:50.756364 7f925ef1f0     Options.sst_file_manager.rate_bytes_per_sec: 0
2018/11/21-02:26:50.756367 7f925ef1f0                       Options.wal_recovery_mode: 2
2018/11/21-02:26:50.756370 7f925ef1f0                  Options.enable_thread_tracking: 0
2018/11/21-02:26:50.756374 7f925ef1f0                  Options.enable_pipelined_write: 1
2018/11/21-02:26:50.756376 7f925ef1f0         Options.allow_concurrent_memtable_write: 1
2018/11/21-02:26:50.756395 7f925ef1f0      Options.enable_write_thread_adaptive_yield: 1
2018/11/21-02:26:50.756400 7f925ef1f0             Options.write_thread_max_yield_usec: 100
2018/11/21-02:26:50.756403 7f925ef1f0            Options.write_thread_slow_yield_usec: 3
2018/11/21-02:26:50.756406 7f925ef1f0                               Options.row_cache: None
2018/11/21-02:26:50.756409 7f925ef1f0                              Options.wal_filter: None
2018/11/21-02:26:50.756412 7f925ef1f0             Options.avoid_flush_during_recovery: 0
2018/11/21-02:26:50.756415 7f925ef1f0             Options.allow_ingest_behind: 0
2018/11/21-02:26:50.756418 7f925ef1f0             Options.preserve_deletes: 0
2018/11/21-02:26:50.756420 7f925ef1f0             Options.two_write_queues: 0
2018/11/21-02:26:50.756423 7f925ef1f0             Options.manual_wal_flush: 0
2018/11/21-02:26:50.756429 7f925ef1f0             Options.max_background_jobs: 6
2018/11/21-02:26:50.756432 7f925ef1f0             Options.max_background_compactions: 6
2018/11/21-02:26:50.756435 7f925ef1f0             Options.avoid_flush_during_shutdown: 0
2018/11/21-02:26:50.756438 7f925ef1f0           Options.writable_file_max_buffer_size: 1048576
2018/11/21-02:26:50.756441 7f925ef1f0             Options.delayed_write_rate : 16777216
2018/11/21-02:26:50.756444 7f925ef1f0             Options.max_total_wal_size: 0
2018/11/21-02:26:50.756447 7f925ef1f0             Options.delete_obsolete_files_period_micros: 21600000000
2018/11/21-02:26:50.756450 7f925ef1f0                   Options.stats_dump_period_sec: 60
2018/11/21-02:26:50.756453 7f925ef1f0                          Options.max_open_files: -1
2018/11/21-02:26:50.756456 7f925ef1f0                          Options.bytes_per_sync: 1048576
2018/11/21-02:26:50.756459 7f925ef1f0                      Options.wal_bytes_per_sync: 0
2018/11/21-02:26:50.756462 7f925ef1f0       Options.compaction_readahead_size: 0
2018/11/21-02:26:50.756465 7f925ef1f0 Compression algorithms supported:
2018/11/21-02:26:50.756468 7f925ef1f0 	kZSTDNotFinalCompression supported: 1
2018/11/21-02:26:50.756506 7f925ef1f0 	kZSTD supported: 1
2018/11/21-02:26:50.756511 7f925ef1f0 	kXpressCompression supported: 0
2018/11/21-02:26:50.756515 7f925ef1f0 	kLZ4HCCompression supported: 1
2018/11/21-02:26:50.756518 7f925ef1f0 	kLZ4Compression supported: 1
2018/11/21-02:26:50.756522 7f925ef1f0 	kBZip2Compression supported: 1
2018/11/21-02:26:50.756525 7f925ef1f0 	kZlibCompression supported: 1
2018/11/21-02:26:50.756528 7f925ef1f0 	kSnappyCompression supported: 1
2018/11/21-02:26:50.756537 7f925ef1f0 Fast CRC32 supported: Not supported on x86
2018/11/21-02:26:50.756701 7f925ef1f0 [db/db_impl_open.cc:222] Creating manifest 1 
2018/11/21-02:26:50.863144 7f925ef1f0 [db/version_set.cc:3085] Recovering from manifest file: MANIFEST-000001
2018/11/21-02:26:50.863360 7f925ef1f0 [db/column_family.cc:475] --------------- Options for column family [default]:
2018/11/21-02:26:50.863370 7f925ef1f0               Options.comparator: leveldb.BytewiseComparator
2018/11/21-02:26:50.863375 7f925ef1f0           Options.merge_operator: None
2018/11/21-02:26:50.863379 7f925ef1f0        Options.compaction_filter: None
2018/11/21-02:26:50.863382 7f925ef1f0        Options.compaction_filter_factory: None
2018/11/21-02:26:50.863386 7f925ef1f0         Options.memtable_factory: SkipListFactory
2018/11/21-02:26:50.863389 7f925ef1f0            Options.table_factory: BlockBasedTable
2018/11/21-02:26:50.863442 7f925ef1f0            table_factory options:   flush_block_policy_factory: FlushBlockBySizePolicyFactory (0x7f3c376150)
  cache_index_and_filter_blocks: 0
  cache_index_and_filter_blocks_with_high_priority: 0
  pin_l0_filter_and_index_blocks_in_cache: 0
  index_type: 0
  hash_index_allow_collision: 1
  checksum: 1
  no_block_cache: 0
  block_cache: 0x7f3c3813f0
  block_cache_name: LRUCache
  block_cache_options:
    capacity : 8388608
    num_shard_bits : 4
    strict_capacity_limit : 0
    high_pri_pool_ratio: 0.000
  block_cache_compressed: (nil)
  persistent_cache: (nil)
  block_size: 8192
  block_size_deviation: 10
  block_restart_interval: 16
  index_block_restart_interval: 1
  metadata_block_size: 4096
  partition_filters: 0
  use_delta_encoding: 1
  filter_policy: nullptr
  whole_key_filtering: 1
  verify_compression: 0
  read_amp_bytes_per_bit: 0
  format_version: 2
  enable_index_compression: 1
  block_align: 0
2018/11/21-02:26:50.863485 7f925ef1f0        Options.write_buffer_size: 134217728
2018/11/21-02:26:50.863490 7f925ef1f0  Options.max_write_buffer_number: 24
2018/11/21-02:26:50.863494 7f925ef1f0        Options.compression[0]: NoCompression
2018/11/21-02:26:50.863497 7f925ef1f0        Options.compression[1]: NoCompression
2018/11/21-02:26:50.863500 7f925ef1f0        Options.compression[2]: LZ4
2018/11/21-02:26:50.863503 7f925ef1f0        Options.compression[3]: LZ4
2018/11/21-02:26:50.863506 7f925ef1f0        Options.compression[4]: LZ4
2018/11/21-02:26:50.863509 7f925ef1f0        Options.compression[5]: LZ4
2018/11/21-02:26:50.863512 7f925ef1f0        Options.compression[6]: LZ4
2018/11/21-02:26:50.863515 7f925ef1f0                  Options.bottommost_compression: Disabled
2018/11/21-02:26:50.863518 7f925ef1f0       Options.prefix_extractor: nullptr
2018/11/21-02:26:50.863521 7f925ef1f0   Options.memtable_insert_with_hint_prefix_extractor: nullptr
2018/11/21-02:26:50.863524 7f925ef1f0             Options.num_levels: 7
2018/11/21-02:26:50.863527 7f925ef1f0        Options.min_write_buffer_number_to_merge: 2
2018/11/21-02:26:50.863530 7f925ef1f0     Options.max_write_buffer_number_to_maintain: 0
2018/11/21-02:26:50.863533 7f925ef1f0            Options.compression_opts.window_bits: -14
2018/11/21-02:26:50.863536 7f925ef1f0                  Options.compression_opts.level: -1
2018/11/21-02:26:50.863539 7f925ef1f0               Options.compression_opts.strategy: 0
2018/11/21-02:26:50.863542 7f925ef1f0         Options.compression_opts.max_dict_bytes: 0
2018/11/21-02:26:50.863545 7f925ef1f0         Options.compression_opts.zstd_max_train_bytes: 0
2018/11/21-02:26:50.863548 7f925ef1f0      Options.level0_file_num_compaction_trigger: 2
2018/11/21-02:26:50.863551 7f925ef1f0          Options.level0_slowdown_writes_trigger: 20
2018/11/21-02:26:50.863554 7f925ef1f0              Options.level0_stop_writes_trigger: 36
2018/11/21-02:26:50.863556 7f925ef1f0                   Options.target_file_size_base: 67108864
2018/11/21-02:26:50.863559 7f925ef1f0             Options.target_file_size_multiplier: 1
2018/11/21-02:26:50.863562 7f925ef1f0                Options.max_bytes_for_level_base: 536870912
2018/11/21-02:26:50.863565 7f925ef1f0 Options.level_compaction_dynamic_level_bytes: 0
2018/11/21-02:26:50.863568 7f925ef1f0          Options.max_bytes_for_level_multiplier: 10.000000
2018/11/21-02:26:50.863574 7f925ef1f0 Options.max_bytes_for_level_multiplier_addtl[0]: 1
2018/11/21-02:26:50.863577 7f925ef1f0 Options.max_bytes_for_level_multiplier_addtl[1]: 1
2018/11/21-02:26:50.863581 7f925ef1f0 Options.max_bytes_for_level_multiplier_addtl[2]: 1
2018/11/21-02:26:50.863584 7f925ef1f0 Options.max_bytes_for_level_multiplier_addtl[3]: 1
2018/11/21-02:26:50.863586 7f925ef1f0 Options.max_bytes_for_level_multiplier_addtl[4]: 1
2018/11/21-02:26:50.863589 7f925ef1f0 Options.max_bytes_for_level_multiplier_addtl[5]: 1
2018/11/21-02:26:50.863592 7f925ef1f0 Options.max_bytes_for_level_multiplier_addtl[6]: 1
2018/11/21-02:26:50.863595 7f925ef1f0       Options.max_sequential_skip_in_iterations: 8
2018/11/21-02:26:50.863598 7f925ef1f0                    Options.max_compaction_bytes: 1677721600
2018/11/21-02:26:50.863601 7f925ef1f0                        Options.arena_block_size: 16777216
2018/11/21-02:26:50.863604 7f925ef1f0   Options.soft_pending_compaction_bytes_limit: 68719476736
2018/11/21-02:26:50.863607 7f925ef1f0   Options.hard_pending_compaction_bytes_limit: 274877906944
2018/11/21-02:26:50.863609 7f925ef1f0       Options.rate_limit_delay_max_milliseconds: 100
2018/11/21-02:26:50.863612 7f925ef1f0                Options.disable_auto_compactions: 0
2018/11/21-02:26:50.863617 7f925ef1f0                        Options.compaction_style: kCompactionStyleLevel
2018/11/21-02:26:50.863635 7f925ef1f0                          Options.compaction_pri: kByCompensatedSize
2018/11/21-02:26:50.863640 7f925ef1f0 Options.compaction_options_universal.size_ratio: 1
2018/11/21-02:26:50.863643 7f925ef1f0 Options.compaction_options_universal.min_merge_width: 2
2018/11/21-02:26:50.863646 7f925ef1f0 Options.compaction_options_universal.max_merge_width: 4294967295
2018/11/21-02:26:50.863649 7f925ef1f0 Options.compaction_options_universal.max_size_amplification_percent: 200
2018/11/21-02:26:50.863652 7f925ef1f0 Options.compaction_options_universal.compression_size_percent: -1
2018/11/21-02:26:50.863656 7f925ef1f0 Options.compaction_options_universal.stop_style: kCompactionStopStyleTotalSize
2018/11/21-02:26:50.863660 7f925ef1f0 Options.compaction_options_fifo.max_table_files_size: 1073741824
2018/11/21-02:26:50.863663 7f925ef1f0 Options.compaction_options_fifo.allow_compaction: 0
2018/11/21-02:26:50.863666 7f925ef1f0 Options.compaction_options_fifo.ttl: 0
2018/11/21-02:26:50.863669 7f925ef1f0                   Options.table_properties_collectors: 
2018/11/21-02:26:50.863672 7f925ef1f0                   Options.inplace_update_support: 0
2018/11/21-02:26:50.863675 7f925ef1f0                 Options.inplace_update_num_locks: 10000
2018/11/21-02:26:50.863678 7f925ef1f0               Options.memtable_prefix_bloom_size_ratio: 0.000000
2018/11/21-02:26:50.863682 7f925ef1f0   Options.memtable_huge_page_size: 0
2018/11/21-02:26:50.863685 7f925ef1f0                           Options.bloom_locality: 0
2018/11/21-02:26:50.863688 7f925ef1f0                    Options.max_successive_merges: 0
2018/11/21-02:26:50.863691 7f925ef1f0                Options.optimize_filters_for_hits: 0
2018/11/21-02:26:50.863694 7f925ef1f0                Options.paranoid_file_checks: 0
2018/11/21-02:26:50.863697 7f925ef1f0                Options.force_consistency_checks: 0
2018/11/21-02:26:50.863700 7f925ef1f0                Options.report_bg_io_stats: 0
2018/11/21-02:26:50.863703 7f925ef1f0                               Options.ttl: 0
2018/11/21-02:26:50.866120 7f925ef1f0 [db/version_set.cc:3361] Recovered from manifest file:/mnt/sda/ycsb-rocksdb-data/MANIFEST-000001 succeeded,manifest_file_number is 1, next_file_number is 3, last_sequence is 0, log_number is 0,prev_log_number is 0,max_column_family is 0,min_log_number_to_keep is 0
2018/11/21-02:26:50.866146 7f925ef1f0 [db/version_set.cc:3369] Column family [default] (ID 0), log number is 0
2018/11/21-02:26:50.866601 7f925ef1f0 [db/version_set.cc:2847] Creating manifest 4
2018/11/21-02:26:50.942127 7f925ef1f0 [db/column_family.cc:475] --------------- Options for column family [usertable]:
2018/11/21-02:26:50.942167 7f925ef1f0               Options.comparator: leveldb.BytewiseComparator
2018/11/21-02:26:50.942175 7f925ef1f0           Options.merge_operator: None
2018/11/21-02:26:50.942182 7f925ef1f0        Options.compaction_filter: None
2018/11/21-02:26:50.942189 7f925ef1f0        Options.compaction_filter_factory: None
2018/11/21-02:26:50.942195 7f925ef1f0         Options.memtable_factory: SkipListFactory
2018/11/21-02:26:50.942202 7f925ef1f0            Options.table_factory: BlockBasedTable
2018/11/21-02:26:50.942300 7f925ef1f0            table_factory options:   flush_block_policy_factory: FlushBlockBySizePolicyFactory (0x7f3c374aa0)
  cache_index_and_filter_blocks: 0
  cache_index_and_filter_blocks_with_high_priority: 0
  pin_l0_filter_and_index_blocks_in_cache: 0
  index_type: 0
  hash_index_allow_collision: 1
  checksum: 1
  no_block_cache: 0
  block_cache: 0x7f3c384320
  block_cache_name: LRUCache
  block_cache_options:
    capacity : 8388608
    num_shard_bits : 4
    strict_capacity_limit : 0
    high_pri_pool_ratio: 0.000
  block_cache_compressed: (nil)
  persistent_cache: (nil)
  block_size: 8192
  block_size_deviation: 10
  block_restart_interval: 16
  index_block_restart_interval: 1
  metadata_block_size: 4096
  partition_filters: 0
  use_delta_encoding: 1
  filter_policy: nullptr
  whole_key_filtering: 1
  verify_compression: 0
  read_amp_bytes_per_bit: 0
  format_version: 2
  enable_index_compression: 1
  block_align: 0
2018/11/21-02:26:50.942310 7f925ef1f0        Options.write_buffer_size: 134217728
2018/11/21-02:26:50.942317 7f925ef1f0  Options.max_write_buffer_number: 24
2018/11/21-02:26:50.942325 7f925ef1f0        Options.compression[0]: NoCompression
2018/11/21-02:26:50.942332 7f925ef1f0        Options.compression[1]: NoCompression
2018/11/21-02:26:50.942338 7f925ef1f0        Options.compression[2]: LZ4
2018/11/21-02:26:50.942345 7f925ef1f0        Options.compression[3]: LZ4
2018/11/21-02:26:50.942351 7f925ef1f0        Options.compression[4]: LZ4
2018/11/21-02:26:50.942357 7f925ef1f0        Options.compression[5]: LZ4
2018/11/21-02:26:50.942363 7f925ef1f0        Options.compression[6]: LZ4
2018/11/21-02:26:50.942370 7f925ef1f0                  Options.bottommost_compression: Disabled
2018/11/21-02:26:50.942377 7f925ef1f0       Options.prefix_extractor: nullptr
2018/11/21-02:26:50.942383 7f925ef1f0   Options.memtable_insert_with_hint_prefix_extractor: nullptr
2018/11/21-02:26:50.942389 7f925ef1f0             Options.num_levels: 7
2018/11/21-02:26:50.942395 7f925ef1f0        Options.min_write_buffer_number_to_merge: 2
2018/11/21-02:26:50.942402 7f925ef1f0     Options.max_write_buffer_number_to_maintain: 0
2018/11/21-02:26:50.942408 7f925ef1f0            Options.compression_opts.window_bits: -14
2018/11/21-02:26:50.942414 7f925ef1f0                  Options.compression_opts.level: -1
2018/11/21-02:26:50.942420 7f925ef1f0               Options.compression_opts.strategy: 0
2018/11/21-02:26:50.942426 7f925ef1f0         Options.compression_opts.max_dict_bytes: 0
2018/11/21-02:26:50.942433 7f925ef1f0         Options.compression_opts.zstd_max_train_bytes: 0
2018/11/21-02:26:50.942439 7f925ef1f0      Options.level0_file_num_compaction_trigger: 2
2018/11/21-02:26:50.942445 7f925ef1f0          Options.level0_slowdown_writes_trigger: 20
2018/11/21-02:26:50.942451 7f925ef1f0              Options.level0_stop_writes_trigger: 36
2018/11/21-02:26:50.942458 7f925ef1f0                   Options.target_file_size_base: 67108864
2018/11/21-02:26:50.942464 7f925ef1f0             Options.target_file_size_multiplier: 1
2018/11/21-02:26:50.942470 7f925ef1f0                Options.max_bytes_for_level_base: 536870912
2018/11/21-02:26:50.942477 7f925ef1f0 Options.level_compaction_dynamic_level_bytes: 0
2018/11/21-02:26:50.942483 7f925ef1f0          Options.max_bytes_for_level_multiplier: 10.000000
2018/11/21-02:26:50.942495 7f925ef1f0 Options.max_bytes_for_level_multiplier_addtl[0]: 1
2018/11/21-02:26:50.942502 7f925ef1f0 Options.max_bytes_for_level_multiplier_addtl[1]: 1
2018/11/21-02:26:50.942558 7f925ef1f0 Options.max_bytes_for_level_multiplier_addtl[2]: 1
2018/11/21-02:26:50.942566 7f925ef1f0 Options.max_bytes_for_level_multiplier_addtl[3]: 1
2018/11/21-02:26:50.942573 7f925ef1f0 Options.max_bytes_for_level_multiplier_addtl[4]: 1
2018/11/21-02:26:50.942579 7f925ef1f0 Options.max_bytes_for_level_multiplier_addtl[5]: 1
2018/11/21-02:26:50.942585 7f925ef1f0 Options.max_bytes_for_level_multiplier_addtl[6]: 1
2018/11/21-02:26:50.942591 7f925ef1f0       Options.max_sequential_skip_in_iterations: 8
2018/11/21-02:26:50.942597 7f925ef1f0                    Options.max_compaction_bytes: 1677721600
2018/11/21-02:26:50.942604 7f925ef1f0                        Options.arena_block_size: 16777216
2018/11/21-02:26:50.942610 7f925ef1f0   Options.soft_pending_compaction_bytes_limit: 68719476736
2018/11/21-02:26:50.942617 7f925ef1f0   Options.hard_pending_compaction_bytes_limit: 274877906944
2018/11/21-02:26:50.942623 7f925ef1f0       Options.rate_limit_delay_max_milliseconds: 100
2018/11/21-02:26:50.942629 7f925ef1f0                Options.disable_auto_compactions: 0
2018/11/21-02:26:50.942639 7f925ef1f0                        Options.compaction_style: kCompactionStyleLevel
2018/11/21-02:26:50.942647 7f925ef1f0                          Options.compaction_pri: kByCompensatedSize
2018/11/21-02:26:50.942654 7f925ef1f0 Options.compaction_options_universal.size_ratio: 1
2018/11/21-02:26:50.942660 7f925ef1f0 Options.compaction_options_universal.min_merge_width: 2
2018/11/21-02:26:50.942666 7f925ef1f0 Options.compaction_options_universal.max_merge_width: 4294967295
2018/11/21-02:26:50.942673 7f925ef1f0 Options.compaction_options_universal.max_size_amplification_percent: 200
2018/11/21-02:26:50.942679 7f925ef1f0 Options.compaction_options_universal.compression_size_percent: -1
2018/11/21-02:26:50.942687 7f925ef1f0 Options.compaction_options_universal.stop_style: kCompactionStopStyleTotalSize
2018/11/21-02:26:50.942693 7f925ef1f0 Options.compaction_options_fifo.max_table_files_size: 1073741824
2018/11/21-02:26:50.942699 7f925ef1f0 Options.compaction_options_fifo.allow_compaction: 0
2018/11/21-02:26:50.942706 7f925ef1f0 Options.compaction_options_fifo.ttl: 0
2018/11/21-02:26:50.942712 7f925ef1f0                   Options.table_properties_collectors: 
2018/11/21-02:26:50.942718 7f925ef1f0                   Options.inplace_update_support: 0
2018/11/21-02:26:50.942725 7f925ef1f0                 Options.inplace_update_num_locks: 10000
2018/11/21-02:26:50.942731 7f925ef1f0               Options.memtable_prefix_bloom_size_ratio: 0.000000
2018/11/21-02:26:50.942739 7f925ef1f0   Options.memtable_huge_page_size: 0
2018/11/21-02:26:50.942745 7f925ef1f0                           Options.bloom_locality: 0
2018/11/21-02:26:50.942751 7f925ef1f0                    Options.max_successive_merges: 0
2018/11/21-02:26:50.942757 7f925ef1f0                Options.optimize_filters_for_hits: 0
2018/11/21-02:26:50.942763 7f925ef1f0                Options.paranoid_file_checks: 0
2018/11/21-02:26:50.942769 7f925ef1f0                Options.force_consistency_checks: 0
2018/11/21-02:26:50.942776 7f925ef1f0                Options.report_bg_io_stats: 0
2018/11/21-02:26:50.942781 7f925ef1f0                               Options.ttl: 0
2018/11/21-02:26:50.942991 7f925ef1f0 [db/db_impl.cc:1396] Created column family [usertable] (ID 1)
2018/11/21-02:26:51.037020 7f925ef1f0 [db/db_impl_open.cc:1219] DB pointer 0x7f3c3e8440
2018/11/21-02:26:57.313894 7f925ef1f0 [db/db_impl_write.cc:1373] [usertable] New memtable created with log file: #9. Immutable memtables: 0.
2018/11/21-02:27:03.586889 7f925ef1f0 [db/db_impl_write.cc:1373] [usertable] New memtable created with log file: #10. Immutable memtables: 1.
2018/11/21-02:27:03.587420 7f7a7fc1f0 [db/db_impl_compaction_flush.cc:80] [JOB 2] Syncing log #3
2018/11/21-02:27:03.899283 7f7a7fc1f0 [db/db_impl_compaction_flush.cc:80] [JOB 2] Syncing log #9
2018/11/21-02:27:05.174811 7f7a7fc1f0 (Original Log Time 2018/11/21-02:27:03.587256) [db/db_impl_compaction_flush.cc:1424] Calling FlushMemTableToOutputFile with column family [usertable], flush slots available 6, compaction slots available 1, flush slots scheduled 1, compaction slots scheduled 0
2018/11/21-02:27:05.174864 7f7a7fc1f0 [db/flush_job.cc:301] [usertable] [JOB 2] Flushing memtable with next log file: 9
2018/11/21-02:27:05.174904 7f7a7fc1f0 [db/flush_job.cc:301] [usertable] [JOB 2] Flushing memtable with next log file: 10
2018/11/21-02:27:05.175086 7f7a7fc1f0 EVENT_LOG_v1 {"time_micros": 1542767225174994, "job": 2, "event": "flush_started", "num_memtables": 2, "num_entries": 62730, "num_deletes": 0, "memory_usage": 260119496, "flush_reason": "Write Buffer Full"}
2018/11/21-02:27:05.175120 7f7a7fc1f0 [db/flush_job.cc:331] [usertable] [JOB 2] Level-0 flush table #11: started
2018/11/21-02:27:06.470480 7f7a7fc1f0 EVENT_LOG_v1 {"time_micros": 1542767226470378, "cf_name": "usertable", "job": 2, "event": "table_file_creation", "file_number": 11, "file_size": 259789991, "table_properties": {"data_size": 258635790, "index_size": 1153274, "filter_size": 0, "raw_key_size": 1505520, "raw_average_key_size": 24, "raw_value_size": 256942080, "raw_average_value_size": 4096, "num_data_blocks": 31365, "num_entries": 62730, "filter_policy_name": "", "kDeletedKeys": "0", "kMergeOperands": "0"}}
2018/11/21-02:27:06.470589 7f7a7fc1f0 [db/flush_job.cc:371] [usertable] [JOB 2] Level-0 flush table #11: 259789991 bytes OK
2018/11/21-02:27:06.500693 7f7a7fc1f0 (Original Log Time 2018/11/21-02:27:06.470643) [db/memtable_list.cc:377] [usertable] Level-0 commit table #11 started
2018/11/21-02:27:06.500711 7f7a7fc1f0 (Original Log Time 2018/11/21-02:27:06.500395) [db/memtable_list.cc:409] [usertable] Level-0 commit table #11: memtable #1 done
2018/11/21-02:27:06.500721 7f7a7fc1f0 (Original Log Time 2018/11/21-02:27:06.500430) [db/memtable_list.cc:409] [usertable] Level-0 commit table #11: memtable #2 done
2018/11/21-02:27:06.500731 7f7a7fc1f0 (Original Log Time 2018/11/21-02:27:06.500508) EVENT_LOG_v1 {"time_micros": 1542767226500471, "job": 2, "event": "flush_finished", "output_compression": "NoCompression", "lsm_state": [1, 0, 0, 0, 0, 0, 0], "immutable_memtables": 0}
2018/11/21-02:27:06.500741 7f7a7fc1f0 (Original Log Time 2018/11/21-02:27:06.500587) [db/db_impl_compaction_flush.cc:177] [usertable] Level summary: base level 1 max bytes base 536870912 files[1 0 0 0 0 0 0] max score 0.50
2018/11/21-02:27:06.500790 7f7a7fc1f0 [db/db_impl_files.cc:347] [JOB 2] Try to delete WAL files size 259012170, prev total WAL file size 319171700, number of live WAL files 3.
2018/11/21-02:27:09.859870 7f925ef1f0 [db/db_impl_write.cc:1373] [usertable] New memtable created with log file: #12. Immutable memtables: 0.
2018/11/21-02:27:16.132863 7f925ef1f0 [db/db_impl_write.cc:1373] [usertable] New memtable created with log file: #13. Immutable memtables: 1.
2018/11/21-02:27:16.133033 7f79ffb1f0 [db/db_impl_compaction_flush.cc:80] [JOB 3] Syncing log #10
2018/11/21-02:27:17.052539 7f79ffb1f0 [db/db_impl_compaction_flush.cc:80] [JOB 3] Syncing log #12
2018/11/21-02:27:18.273441 7f79ffb1f0 (Original Log Time 2018/11/21-02:27:16.132988) [db/db_impl_compaction_flush.cc:1424] Calling FlushMemTableToOutputFile with column family [usertable], flush slots available 6, compaction slots available 1, flush slots scheduled 1, compaction slots scheduled 0
2018/11/21-02:27:18.273491 7f79ffb1f0 [db/flush_job.cc:301] [usertable] [JOB 3] Flushing memtable with next log file: 12
2018/11/21-02:27:18.273516 7f79ffb1f0 [db/flush_job.cc:301] [usertable] [JOB 3] Flushing memtable with next log file: 13
2018/11/21-02:27:18.273597 7f79ffb1f0 EVENT_LOG_v1 {"time_micros": 1542767238273572, "job": 3, "event": "flush_started", "num_memtables": 2, "num_entries": 62730, "num_deletes": 0, "memory_usage": 260070784, "flush_reason": "Write Buffer Full"}
2018/11/21-02:27:18.273617 7f79ffb1f0 [db/flush_job.cc:331] [usertable] [JOB 3] Level-0 flush table #14: started
2018/11/21-02:27:19.603908 7f79ffb1f0 EVENT_LOG_v1 {"time_micros": 1542767239603854, "cf_name": "usertable", "job": 3, "event": "table_file_creation", "file_number": 14, "file_size": 259789989, "table_properties": {"data_size": 258635790, "index_size": 1153272, "filter_size": 0, "raw_key_size": 1505520, "raw_average_key_size": 24, "raw_value_size": 256942080, "raw_average_value_size": 4096, "num_data_blocks": 31365, "num_entries": 62730, "filter_policy_name": "", "kDeletedKeys": "0", "kMergeOperands": "0"}}
2018/11/21-02:27:19.603956 7f79ffb1f0 [db/flush_job.cc:371] [usertable] [JOB 3] Level-0 flush table #14: 259789989 bytes OK
2018/11/21-02:27:19.634530 7f91bef1f0 [WARN] [db/db_impl.cc:491] ------- DUMPING STATS -------
2018/11/21-02:27:19.634615 7f91bef1f0 [WARN] [db/db_impl.cc:492] 
** DB Stats **
Uptime(secs): 28.8 total, 28.8 interval
Cumulative writes: 142K writes, 142K keys, 142K commit groups, 1.0 writes per commit group, ingest: 0.55 GB, 19.57 MB/s
Cumulative WAL: 142K writes, 0 syncs, 142967.00 writes per sync, written: 0.55 GB, 19.57 MB/s
Cumulative stall: 00:00:0.000 H:M:S, 0.0 percent
Interval writes: 142K writes, 142K keys, 142K commit groups, 1.0 writes per commit group, ingest: 562.97 MB, 19.57 MB/s
Interval WAL: 142K writes, 0 syncs, 142967.00 writes per sync, written: 0.55 MB, 19.57 MB/s
Interval stall: 00:00:0.000 H:M:S, 0.0 percent

** Compaction Stats [default] **
Level    Files   Size     Score Read(GB)  Rn(GB) Rnp1(GB) Write(GB) Wnew(GB) Moved(GB) W-Amp Rd(MB/s) Wr(MB/s) Comp(sec) Comp(cnt) Avg(sec) KeyIn KeyDrop
----------------------------------------------------------------------------------------------------------------------------------------------------------
 Sum      0/0    0.00 KB   0.0      0.0     0.0      0.0       0.0      0.0       0.0   0.0      0.0      0.0         0         0    0.000       0      0
 Int      0/0    0.00 KB   0.0      0.0     0.0      0.0       0.0      0.0       0.0   0.0      0.0      0.0         0         0    0.000       0      0
Uptime(secs): 28.8 total, 28.8 interval
Flush(GB): cumulative 0.000, interval 0.000
AddFile(GB): cumulative 0.000, interval 0.000
AddFile(Total Files): cumulative 0, interval 0
AddFile(L0 Files): cumulative 0, interval 0
AddFile(Keys): cumulative 0, interval 0
Cumulative compaction: 0.00 GB write, 0.00 MB/s write, 0.00 GB read, 0.00 MB/s read, 0.0 seconds
Interval compaction: 0.00 GB write, 0.00 MB/s write, 0.00 GB read, 0.00 MB/s read, 0.0 seconds
Stalls(count): 0 level0_slowdown, 0 level0_slowdown_with_compaction, 0 level0_numfiles, 0 level0_numfiles_with_compaction, 0 stop for pending_compaction_bytes, 0 slowdown for pending_compaction_bytes, 0 memtable_compaction, 0 memtable_slowdown, interval 0 total count

** File Read Latency Histogram By Level [default] **

** Compaction Stats [usertable] **
Level    Files   Size     Score Read(GB)  Rn(GB) Rnp1(GB) Write(GB) Wnew(GB) Moved(GB) W-Amp Rd(MB/s) Wr(MB/s) Comp(sec) Comp(cnt) Avg(sec) KeyIn KeyDrop
----------------------------------------------------------------------------------------------------------------------------------------------------------
  L0      2/0   495.51 MB   1.0      0.0     0.0      0.0       0.5      0.5       0.0   1.0      0.0    188.7         3         2    1.313       0      0
 Sum      2/0   495.51 MB   0.0      0.0     0.0      0.0       0.5      0.5       0.0   1.0      0.0    188.7         3         2    1.313       0      0
 Int      0/0    0.00 KB   0.0      0.0     0.0      0.0       0.5      0.5       0.0   1.0      0.0    188.7         3         2    1.313       0      0
Uptime(secs): 28.7 total, 28.7 interval
Flush(GB): cumulative 0.484, interval 0.484
AddFile(GB): cumulative 0.000, interval 0.000
AddFile(Total Files): cumulative 0, interval 0
AddFile(L0 Files): cumulative 0, interval 0
AddFile(Keys): cumulative 0, interval 0
Cumulative compaction: 0.48 GB write, 17.27 MB/s write, 0.00 GB read, 0.00 MB/s read, 2.6 seconds
Interval compaction: 0.48 GB write, 17.27 MB/s write, 0.00 GB read, 0.00 MB/s read, 2.6 seconds
Stalls(count): 0 level0_slowdown, 0 level0_slowdown_with_compaction, 0 level0_numfiles, 0 level0_numfiles_with_compaction, 0 stop for pending_compaction_bytes, 0 slowdown for pending_compaction_bytes, 0 memtable_compaction, 0 memtable_slowdown, interval 0 total count

** File Read Latency Histogram By Level [usertable] **

** Compaction Stats [default] **
Level    Files   Size     Score Read(GB)  Rn(GB) Rnp1(GB) Write(GB) Wnew(GB) Moved(GB) W-Amp Rd(MB/s) Wr(MB/s) Comp(sec) Comp(cnt) Avg(sec) KeyIn KeyDrop
----------------------------------------------------------------------------------------------------------------------------------------------------------
 Sum      0/0    0.00 KB   0.0      0.0     0.0      0.0       0.0      0.0       0.0   0.0      0.0      0.0         0         0    0.000       0      0
 Int      0/0    0.00 KB   0.0      0.0     0.0      0.0       0.0      0.0       0.0   0.0      0.0      0.0         0         0    0.000       0      0
Uptime(secs): 28.8 total, 0.0 interval
Flush(GB): cumulative 0.000, interval 0.000
AddFile(GB): cumulative 0.000, interval 0.000
AddFile(Total Files): cumulative 0, interval 0
AddFile(L0 Files): cumulative 0, interval 0
AddFile(Keys): cumulative 0, interval 0
Cumulative compaction: 0.00 GB write, 0.00 MB/s write, 0.00 GB read, 0.00 MB/s read, 0.0 seconds
Interval compaction: 0.00 GB write, 0.00 MB/s write, 0.00 GB read, 0.00 MB/s read, 0.0 seconds
Stalls(count): 0 level0_slowdown, 0 level0_slowdown_with_compaction, 0 level0_numfiles, 0 level0_numfiles_with_compaction, 0 stop for pending_compaction_bytes, 0 slowdown for pending_compaction_bytes, 0 memtable_compaction, 0 memtable_slowdown, interval 0 total count

** File Read Latency Histogram By Level [default] **

** Compaction Stats [usertable] **
Level    Files   Size     Score Read(GB)  Rn(GB) Rnp1(GB) Write(GB) Wnew(GB) Moved(GB) W-Amp Rd(MB/s) Wr(MB/s) Comp(sec) Comp(cnt) Avg(sec) KeyIn KeyDrop
----------------------------------------------------------------------------------------------------------------------------------------------------------
  L0      2/0   495.51 MB   1.0      0.0     0.0      0.0       0.5      0.5       0.0   1.0      0.0    188.7         3         2    1.313       0      0
 Sum      2/0   495.51 MB   0.0      0.0     0.0      0.0       0.5      0.5       0.0   1.0      0.0    188.7         3         2    1.313       0      0
 Int      0/0    0.00 KB   0.0      0.0     0.0      0.0       0.0      0.0       0.0   0.0      0.0      0.0         0         0    0.000       0      0
Uptime(secs): 28.7 total, 0.0 interval
Flush(GB): cumulative 0.484, interval 0.000
AddFile(GB): cumulative 0.000, interval 0.000
AddFile(Total Files): cumulative 0, interval 0
AddFile(L0 Files): cumulative 0, interval 0
AddFile(Keys): cumulative 0, interval 0
Cumulative compaction: 0.48 GB write, 17.27 MB/s write, 0.00 GB read, 0.00 MB/s read, 2.6 seconds
Interval compaction: 0.00 GB write, 0.00 MB/s write, 0.00 GB read, 0.00 MB/s read, 0.0 seconds
Stalls(count): 0 level0_slowdown, 0 level0_slowdown_with_compaction, 0 level0_numfiles, 0 level0_numfiles_with_compaction, 0 stop for pending_compaction_bytes, 0 slowdown for pending_compaction_bytes, 0 memtable_compaction, 0 memtable_slowdown, interval 0 total count

** File Read Latency Histogram By Level [usertable] **
2018/11/21-02:27:19.634977 7f79ffb1f0 (Original Log Time 2018/11/21-02:27:19.603984) [db/memtable_list.cc:377] [usertable] Level-0 commit table #14 started
2018/11/21-02:27:19.635020 7f79ffb1f0 (Original Log Time 2018/11/21-02:27:19.633897) [db/memtable_list.cc:409] [usertable] Level-0 commit table #14: memtable #1 done
2018/11/21-02:27:19.635026 7f79ffb1f0 (Original Log Time 2018/11/21-02:27:19.633909) [db/memtable_list.cc:409] [usertable] Level-0 commit table #14: memtable #2 done
2018/11/21-02:27:19.635031 7f79ffb1f0 (Original Log Time 2018/11/21-02:27:19.633955) EVENT_LOG_v1 {"time_micros": 1542767239633939, "job": 3, "event": "flush_finished", "output_compression": "NoCompression", "lsm_state": [2, 0, 0, 0, 0, 0, 0], "immutable_memtables": 0}
2018/11/21-02:27:19.635036 7f79ffb1f0 (Original Log Time 2018/11/21-02:27:19.634091) [db/db_impl_compaction_flush.cc:177] [usertable] Level summary: base level 1 max bytes base 536870912 files[2 0 0 0 0 0 0] max score 1.00
2018/11/21-02:27:19.635059 7f79ffb1f0 [db/db_impl_files.cc:347] [JOB 3] Try to delete WAL files size 259012170, prev total WAL file size 331298573, number of live WAL files 3.
2018/11/21-02:27:19.664700 7f91bef1f0 (Original Log Time 2018/11/21-02:27:19.634780) [db/db_impl_compaction_flush.cc:1835] [usertable] Moving #11 to level-1 259789991 bytes
2018/11/21-02:27:19.664711 7f91bef1f0 (Original Log Time 2018/11/21-02:27:19.664583) EVENT_LOG_v1 {"time_micros": 1542767239664560, "job": 4, "event": "trivial_move", "destination_level": 1, "files": 1, "total_files_size": 259789991}
2018/11/21-02:27:19.664716 7f91bef1f0 (Original Log Time 2018/11/21-02:27:19.664611) [db/db_impl_compaction_flush.cc:1864] [usertable] Moved #1 files to level-1 259789991 bytes OK: base level 1 max bytes base 536870912 files[1 1 0 0 0 0 0] max score 0.50
2018/11/21-02:27:22.405872 7f925ef1f0 [db/db_impl_write.cc:1373] [usertable] New memtable created with log file: #15. Immutable memtables: 0.
2018/11/21-02:27:28.678870 7f925ef1f0 [db/db_impl_write.cc:1373] [usertable] New memtable created with log file: #16. Immutable memtables: 1.
2018/11/21-02:27:28.679275 7f797fa1f0 [db/db_impl_compaction_flush.cc:80] [JOB 5] Syncing log #13
2018/11/21-02:27:29.965657 7f797fa1f0 [db/db_impl_compaction_flush.cc:80] [JOB 5] Syncing log #15
2018/11/21-02:27:31.096675 7f797fa1f0 (Original Log Time 2018/11/21-02:27:28.679201) [db/db_impl_compaction_flush.cc:1424] Calling FlushMemTableToOutputFile with column family [usertable], flush slots available 6, compaction slots available 1, flush slots scheduled 1, compaction slots scheduled 0
2018/11/21-02:27:31.096724 7f797fa1f0 [db/flush_job.cc:301] [usertable] [JOB 5] Flushing memtable with next log file: 15
2018/11/21-02:27:31.096749 7f797fa1f0 [db/flush_job.cc:301] [usertable] [JOB 5] Flushing memtable with next log file: 16
2018/11/21-02:27:31.096831 7f797fa1f0 EVENT_LOG_v1 {"time_micros": 1542767251096805, "job": 5, "event": "flush_started", "num_memtables": 2, "num_entries": 62730, "num_deletes": 0, "memory_usage": 260054648, "flush_reason": "Write Buffer Full"}
2018/11/21-02:27:31.096850 7f797fa1f0 [db/flush_job.cc:331] [usertable] [JOB 5] Level-0 flush table #17: started
2018/11/21-02:27:32.444597 7f797fa1f0 EVENT_LOG_v1 {"time_micros": 1542767252444547, "cf_name": "usertable", "job": 5, "event": "table_file_creation", "file_number": 17, "file_size": 259789990, "table_properties": {"data_size": 258635790, "index_size": 1153273, "filter_size": 0, "raw_key_size": 1505520, "raw_average_key_size": 24, "raw_value_size": 256942080, "raw_average_value_size": 4096, "num_data_blocks": 31365, "num_entries": 62730, "filter_policy_name": "", "kDeletedKeys": "0", "kMergeOperands": "0"}}
2018/11/21-02:27:32.444653 7f797fa1f0 [db/flush_job.cc:371] [usertable] [JOB 5] Level-0 flush table #17: 259789990 bytes OK
2018/11/21-02:27:32.470433 7f797fa1f0 (Original Log Time 2018/11/21-02:27:32.444681) [db/memtable_list.cc:377] [usertable] Level-0 commit table #17 started
2018/11/21-02:27:32.470442 7f797fa1f0 (Original Log Time 2018/11/21-02:27:32.470255) [db/memtable_list.cc:409] [usertable] Level-0 commit table #17: memtable #1 done
2018/11/21-02:27:32.470447 7f797fa1f0 (Original Log Time 2018/11/21-02:27:32.470265) [db/memtable_list.cc:409] [usertable] Level-0 commit table #17: memtable #2 done
2018/11/21-02:27:32.470452 7f797fa1f0 (Original Log Time 2018/11/21-02:27:32.470314) EVENT_LOG_v1 {"time_micros": 1542767252470297, "job": 5, "event": "flush_finished", "output_compression": "NoCompression", "lsm_state": [2, 1, 0, 0, 0, 0, 0], "immutable_memtables": 0}
2018/11/21-02:27:32.470456 7f797fa1f0 (Original Log Time 2018/11/21-02:27:32.470382) [db/db_impl_compaction_flush.cc:177] [usertable] Level summary: base level 1 max bytes base 536870912 files[2 1 0 0 0 0 0] max score 1.00
2018/11/21-02:27:32.470480 7f797fa1f0 [db/db_impl_files.cc:347] [JOB 5] Try to delete WAL files size 259012170, prev total WAL file size 337293881, number of live WAL files 3.
2018/11/21-02:27:32.546865 7f90bed1f0 (Original Log Time 2018/11/21-02:27:32.470694) [db/db_impl_compaction_flush.cc:1835] [usertable] Moving #17 to level-1 259789990 bytes
2018/11/21-02:27:32.546884 7f90bed1f0 (Original Log Time 2018/11/21-02:27:32.546711) EVENT_LOG_v1 {"time_micros": 1542767252546690, "job": 6, "event": "trivial_move", "destination_level": 1, "files": 1, "total_files_size": 259789990}
