2018/11/21-08:47:22.503833 7f6d6e91f0 RocksDB version: 5.14.3
2018/11/21-08:47:22.503989 7f6d6e91f0 Git sha rocksdb_build_git_sha:
2018/11/21-08:47:22.504018 7f6d6e91f0 Compile date Nov 15 2018
2018/11/21-08:47:22.504028 7f6d6e91f0 DB SUMMARY
2018/11/21-08:47:22.504073 7f6d6e91f0 SST files in /mnt/sda/ycsb-rocksdb-data dir, Total Num: 0, files: 
2018/11/21-08:47:22.504080 7f6d6e91f0 Write Ahead Log file in /mnt/sda/ycsb-rocksdb-data: 
2018/11/21-08:47:22.504086 7f6d6e91f0                         Options.error_if_exists: 0
2018/11/21-08:47:22.504090 7f6d6e91f0                       Options.create_if_missing: 1
2018/11/21-08:47:22.504093 7f6d6e91f0                         Options.paranoid_checks: 1
2018/11/21-08:47:22.504096 7f6d6e91f0                                     Options.env: 0x7f6d3e9f18
2018/11/21-08:47:22.504100 7f6d6e91f0                                Options.info_log: 0x7f283dfa80
2018/11/21-08:47:22.504103 7f6d6e91f0                Options.max_file_opening_threads: 16
2018/11/21-08:47:22.504106 7f6d6e91f0                              Options.statistics: (nil)
2018/11/21-08:47:22.504110 7f6d6e91f0                               Options.use_fsync: 0
2018/11/21-08:47:22.504113 7f6d6e91f0                       Options.max_log_file_size: 0
2018/11/21-08:47:22.504116 7f6d6e91f0                  Options.max_manifest_file_size: 18446744073709551615
2018/11/21-08:47:22.504119 7f6d6e91f0                   Options.log_file_time_to_roll: 0
2018/11/21-08:47:22.504123 7f6d6e91f0                       Options.keep_log_file_num: 1000
2018/11/21-08:47:22.504126 7f6d6e91f0                    Options.recycle_log_file_num: 0
2018/11/21-08:47:22.504129 7f6d6e91f0                         Options.allow_fallocate: 1
2018/11/21-08:47:22.504132 7f6d6e91f0                        Options.allow_mmap_reads: 0
2018/11/21-08:47:22.504135 7f6d6e91f0                       Options.allow_mmap_writes: 0
2018/11/21-08:47:22.504139 7f6d6e91f0                        Options.use_direct_reads: 0
2018/11/21-08:47:22.504142 7f6d6e91f0                        Options.use_direct_io_for_flush_and_compaction: 0
2018/11/21-08:47:22.504145 7f6d6e91f0          Options.create_missing_column_families: 1
2018/11/21-08:47:22.504148 7f6d6e91f0                              Options.db_log_dir: 
2018/11/21-08:47:22.504151 7f6d6e91f0                                 Options.wal_dir: /mnt/sda/ycsb-rocksdb-data
2018/11/21-08:47:22.504154 7f6d6e91f0                Options.table_cache_numshardbits: 6
2018/11/21-08:47:22.504157 7f6d6e91f0                      Options.max_subcompactions: 4
2018/11/21-08:47:22.504160 7f6d6e91f0                  Options.max_background_flushes: 6
2018/11/21-08:47:22.504163 7f6d6e91f0                         Options.WAL_ttl_seconds: 0
2018/11/21-08:47:22.504166 7f6d6e91f0                       Options.WAL_size_limit_MB: 0
2018/11/21-08:47:22.504169 7f6d6e91f0             Options.manifest_preallocation_size: 4194304
2018/11/21-08:47:22.504172 7f6d6e91f0                     Options.is_fd_close_on_exec: 1
2018/11/21-08:47:22.504175 7f6d6e91f0                   Options.advise_random_on_open: 1
2018/11/21-08:47:22.504177 7f6d6e91f0                    Options.db_write_buffer_size: 0
2018/11/21-08:47:22.504180 7f6d6e91f0                    Options.write_buffer_manager: 0x7f283e0de0
2018/11/21-08:47:22.504183 7f6d6e91f0         Options.access_hint_on_compaction_start: 1
2018/11/21-08:47:22.504186 7f6d6e91f0  Options.new_table_reader_for_compaction_inputs: 0
2018/11/21-08:47:22.504189 7f6d6e91f0           Options.random_access_max_buffer_size: 1048576
2018/11/21-08:47:22.504192 7f6d6e91f0                      Options.use_adaptive_mutex: 0
2018/11/21-08:47:22.504195 7f6d6e91f0                            Options.rate_limiter: (nil)
2018/11/21-08:47:22.504201 7f6d6e91f0     Options.sst_file_manager.rate_bytes_per_sec: 0
2018/11/21-08:47:22.504204 7f6d6e91f0                       Options.wal_recovery_mode: 2
2018/11/21-08:47:22.504207 7f6d6e91f0                  Options.enable_thread_tracking: 0
2018/11/21-08:47:22.504210 7f6d6e91f0                  Options.enable_pipelined_write: 1
2018/11/21-08:47:22.504213 7f6d6e91f0         Options.allow_concurrent_memtable_write: 1
2018/11/21-08:47:22.504233 7f6d6e91f0      Options.enable_write_thread_adaptive_yield: 1
2018/11/21-08:47:22.504238 7f6d6e91f0             Options.write_thread_max_yield_usec: 100
2018/11/21-08:47:22.504241 7f6d6e91f0            Options.write_thread_slow_yield_usec: 3
2018/11/21-08:47:22.504244 7f6d6e91f0                               Options.row_cache: None
2018/11/21-08:47:22.504247 7f6d6e91f0                              Options.wal_filter: None
2018/11/21-08:47:22.504250 7f6d6e91f0             Options.avoid_flush_during_recovery: 0
2018/11/21-08:47:22.504254 7f6d6e91f0             Options.allow_ingest_behind: 0
2018/11/21-08:47:22.504256 7f6d6e91f0             Options.preserve_deletes: 0
2018/11/21-08:47:22.504259 7f6d6e91f0             Options.two_write_queues: 0
2018/11/21-08:47:22.504262 7f6d6e91f0             Options.manual_wal_flush: 0
2018/11/21-08:47:22.504267 7f6d6e91f0             Options.max_background_jobs: 6
2018/11/21-08:47:22.504270 7f6d6e91f0             Options.max_background_compactions: 6
2018/11/21-08:47:22.504273 7f6d6e91f0             Options.avoid_flush_during_shutdown: 0
2018/11/21-08:47:22.504276 7f6d6e91f0           Options.writable_file_max_buffer_size: 1048576
2018/11/21-08:47:22.504279 7f6d6e91f0             Options.delayed_write_rate : 16777216
2018/11/21-08:47:22.504282 7f6d6e91f0             Options.max_total_wal_size: 0
2018/11/21-08:47:22.504285 7f6d6e91f0             Options.delete_obsolete_files_period_micros: 21600000000
2018/11/21-08:47:22.504288 7f6d6e91f0                   Options.stats_dump_period_sec: 60
2018/11/21-08:47:22.504291 7f6d6e91f0                          Options.max_open_files: -1
2018/11/21-08:47:22.504294 7f6d6e91f0                          Options.bytes_per_sync: 1048576
2018/11/21-08:47:22.504297 7f6d6e91f0                      Options.wal_bytes_per_sync: 0
2018/11/21-08:47:22.504300 7f6d6e91f0       Options.compaction_readahead_size: 0
2018/11/21-08:47:22.504303 7f6d6e91f0 Compression algorithms supported:
2018/11/21-08:47:22.504307 7f6d6e91f0 	kZSTDNotFinalCompression supported: 1
2018/11/21-08:47:22.504343 7f6d6e91f0 	kZSTD supported: 1
2018/11/21-08:47:22.504349 7f6d6e91f0 	kXpressCompression supported: 0
2018/11/21-08:47:22.504352 7f6d6e91f0 	kLZ4HCCompression supported: 1
2018/11/21-08:47:22.504356 7f6d6e91f0 	kLZ4Compression supported: 1
2018/11/21-08:47:22.504359 7f6d6e91f0 	kBZip2Compression supported: 1
2018/11/21-08:47:22.504363 7f6d6e91f0 	kZlibCompression supported: 1
2018/11/21-08:47:22.504366 7f6d6e91f0 	kSnappyCompression supported: 1
2018/11/21-08:47:22.504374 7f6d6e91f0 Fast CRC32 supported: Not supported on x86
2018/11/21-08:47:22.504536 7f6d6e91f0 [db/db_impl_open.cc:222] Creating manifest 1 
2018/11/21-08:47:22.609516 7f6d6e91f0 [db/version_set.cc:3085] Recovering from manifest file: MANIFEST-000001
2018/11/21-08:47:22.609902 7f6d6e91f0 [db/column_family.cc:475] --------------- Options for column family [default]:
2018/11/21-08:47:22.609917 7f6d6e91f0               Options.comparator: leveldb.BytewiseComparator
2018/11/21-08:47:22.609925 7f6d6e91f0           Options.merge_operator: None
2018/11/21-08:47:22.609932 7f6d6e91f0        Options.compaction_filter: None
2018/11/21-08:47:22.609938 7f6d6e91f0        Options.compaction_filter_factory: None
2018/11/21-08:47:22.609944 7f6d6e91f0         Options.memtable_factory: SkipListFactory
2018/11/21-08:47:22.609951 7f6d6e91f0            Options.table_factory: BlockBasedTable
2018/11/21-08:47:22.610073 7f6d6e91f0            table_factory options:   flush_block_policy_factory: FlushBlockBySizePolicyFactory (0x7f28375c90)
  cache_index_and_filter_blocks: 0
  cache_index_and_filter_blocks_with_high_priority: 0
  pin_l0_filter_and_index_blocks_in_cache: 0
  index_type: 0
  hash_index_allow_collision: 1
  checksum: 1
  no_block_cache: 0
  block_cache: 0x7f28380f20
  block_cache_name: LRUCache
  block_cache_options:
    capacity : 8388608
    num_shard_bits : 4
    strict_capacity_limit : 0
    high_pri_pool_ratio: 0.000
  block_cache_compressed: (nil)
  persistent_cache: (nil)
  block_size: 8192
  block_size_deviation: 10
  block_restart_interval: 16
  index_block_restart_interval: 1
  metadata_block_size: 4096
  partition_filters: 0
  use_delta_encoding: 1
  filter_policy: nullptr
  whole_key_filtering: 1
  verify_compression: 0
  read_amp_bytes_per_bit: 0
  format_version: 2
  enable_index_compression: 1
  block_align: 0
2018/11/21-08:47:22.610137 7f6d6e91f0        Options.write_buffer_size: 134217728
2018/11/21-08:47:22.610146 7f6d6e91f0  Options.max_write_buffer_number: 24
2018/11/21-08:47:22.610153 7f6d6e91f0        Options.compression[0]: NoCompression
2018/11/21-08:47:22.610160 7f6d6e91f0        Options.compression[1]: NoCompression
2018/11/21-08:47:22.610166 7f6d6e91f0        Options.compression[2]: LZ4
2018/11/21-08:47:22.610173 7f6d6e91f0        Options.compression[3]: LZ4
2018/11/21-08:47:22.610179 7f6d6e91f0        Options.compression[4]: LZ4
2018/11/21-08:47:22.610185 7f6d6e91f0        Options.compression[5]: LZ4
2018/11/21-08:47:22.610192 7f6d6e91f0        Options.compression[6]: LZ4
2018/11/21-08:47:22.610198 7f6d6e91f0                  Options.bottommost_compression: Disabled
2018/11/21-08:47:22.610205 7f6d6e91f0       Options.prefix_extractor: nullptr
2018/11/21-08:47:22.610212 7f6d6e91f0   Options.memtable_insert_with_hint_prefix_extractor: nullptr
2018/11/21-08:47:22.610218 7f6d6e91f0             Options.num_levels: 7
2018/11/21-08:47:22.610224 7f6d6e91f0        Options.min_write_buffer_number_to_merge: 2
2018/11/21-08:47:22.610230 7f6d6e91f0     Options.max_write_buffer_number_to_maintain: 0
2018/11/21-08:47:22.610236 7f6d6e91f0            Options.compression_opts.window_bits: -14
2018/11/21-08:47:22.610243 7f6d6e91f0                  Options.compression_opts.level: -1
2018/11/21-08:47:22.610249 7f6d6e91f0               Options.compression_opts.strategy: 0
2018/11/21-08:47:22.610255 7f6d6e91f0         Options.compression_opts.max_dict_bytes: 0
2018/11/21-08:47:22.610261 7f6d6e91f0         Options.compression_opts.zstd_max_train_bytes: 0
2018/11/21-08:47:22.610267 7f6d6e91f0      Options.level0_file_num_compaction_trigger: 2
2018/11/21-08:47:22.610273 7f6d6e91f0          Options.level0_slowdown_writes_trigger: 20
2018/11/21-08:47:22.610279 7f6d6e91f0              Options.level0_stop_writes_trigger: 36
2018/11/21-08:47:22.610285 7f6d6e91f0                   Options.target_file_size_base: 67108864
2018/11/21-08:47:22.610291 7f6d6e91f0             Options.target_file_size_multiplier: 1
2018/11/21-08:47:22.610298 7f6d6e91f0                Options.max_bytes_for_level_base: 536870912
2018/11/21-08:47:22.610304 7f6d6e91f0 Options.level_compaction_dynamic_level_bytes: 0
2018/11/21-08:47:22.610310 7f6d6e91f0          Options.max_bytes_for_level_multiplier: 10.000000
2018/11/21-08:47:22.610322 7f6d6e91f0 Options.max_bytes_for_level_multiplier_addtl[0]: 1
2018/11/21-08:47:22.610329 7f6d6e91f0 Options.max_bytes_for_level_multiplier_addtl[1]: 1
2018/11/21-08:47:22.610335 7f6d6e91f0 Options.max_bytes_for_level_multiplier_addtl[2]: 1
2018/11/21-08:47:22.610341 7f6d6e91f0 Options.max_bytes_for_level_multiplier_addtl[3]: 1
2018/11/21-08:47:22.610347 7f6d6e91f0 Options.max_bytes_for_level_multiplier_addtl[4]: 1
2018/11/21-08:47:22.610354 7f6d6e91f0 Options.max_bytes_for_level_multiplier_addtl[5]: 1
2018/11/21-08:47:22.610360 7f6d6e91f0 Options.max_bytes_for_level_multiplier_addtl[6]: 1
2018/11/21-08:47:22.610366 7f6d6e91f0       Options.max_sequential_skip_in_iterations: 8
2018/11/21-08:47:22.610372 7f6d6e91f0                    Options.max_compaction_bytes: 1677721600
2018/11/21-08:47:22.610378 7f6d6e91f0                        Options.arena_block_size: 16777216
2018/11/21-08:47:22.610385 7f6d6e91f0   Options.soft_pending_compaction_bytes_limit: 68719476736
2018/11/21-08:47:22.610391 7f6d6e91f0   Options.hard_pending_compaction_bytes_limit: 274877906944
2018/11/21-08:47:22.610397 7f6d6e91f0       Options.rate_limit_delay_max_milliseconds: 100
2018/11/21-08:47:22.610403 7f6d6e91f0                Options.disable_auto_compactions: 0
2018/11/21-08:47:22.610412 7f6d6e91f0                        Options.compaction_style: kCompactionStyleLevel
2018/11/21-08:47:22.610442 7f6d6e91f0                          Options.compaction_pri: kByCompensatedSize
2018/11/21-08:47:22.610450 7f6d6e91f0 Options.compaction_options_universal.size_ratio: 1
2018/11/21-08:47:22.610457 7f6d6e91f0 Options.compaction_options_universal.min_merge_width: 2
2018/11/21-08:47:22.610463 7f6d6e91f0 Options.compaction_options_universal.max_merge_width: 4294967295
2018/11/21-08:47:22.610469 7f6d6e91f0 Options.compaction_options_universal.max_size_amplification_percent: 200
2018/11/21-08:47:22.610475 7f6d6e91f0 Options.compaction_options_universal.compression_size_percent: -1
2018/11/21-08:47:22.610483 7f6d6e91f0 Options.compaction_options_universal.stop_style: kCompactionStopStyleTotalSize
2018/11/21-08:47:22.610490 7f6d6e91f0 Options.compaction_options_fifo.max_table_files_size: 1073741824
2018/11/21-08:47:22.610496 7f6d6e91f0 Options.compaction_options_fifo.allow_compaction: 0
2018/11/21-08:47:22.610502 7f6d6e91f0 Options.compaction_options_fifo.ttl: 0
2018/11/21-08:47:22.610509 7f6d6e91f0                   Options.table_properties_collectors: 
2018/11/21-08:47:22.610515 7f6d6e91f0                   Options.inplace_update_support: 0
2018/11/21-08:47:22.610521 7f6d6e91f0                 Options.inplace_update_num_locks: 10000
2018/11/21-08:47:22.610527 7f6d6e91f0               Options.memtable_prefix_bloom_size_ratio: 0.000000
2018/11/21-08:47:22.610535 7f6d6e91f0   Options.memtable_huge_page_size: 0
2018/11/21-08:47:22.610541 7f6d6e91f0                           Options.bloom_locality: 0
2018/11/21-08:47:22.610547 7f6d6e91f0                    Options.max_successive_merges: 0
2018/11/21-08:47:22.610553 7f6d6e91f0                Options.optimize_filters_for_hits: 0
2018/11/21-08:47:22.610559 7f6d6e91f0                Options.paranoid_file_checks: 0
2018/11/21-08:47:22.610566 7f6d6e91f0                Options.force_consistency_checks: 0
2018/11/21-08:47:22.610572 7f6d6e91f0                Options.report_bg_io_stats: 0
2018/11/21-08:47:22.610578 7f6d6e91f0                               Options.ttl: 0
2018/11/21-08:47:22.612917 7f6d6e91f0 [db/version_set.cc:3361] Recovered from manifest file:/mnt/sda/ycsb-rocksdb-data/MANIFEST-000001 succeeded,manifest_file_number is 1, next_file_number is 3, last_sequence is 0, log_number is 0,prev_log_number is 0,max_column_family is 0,min_log_number_to_keep is 0
2018/11/21-08:47:22.612959 7f6d6e91f0 [db/version_set.cc:3369] Column family [default] (ID 0), log number is 0
2018/11/21-08:47:22.613753 7f6d6e91f0 [db/version_set.cc:2847] Creating manifest 4
2018/11/21-08:47:22.689785 7f6d6e91f0 [db/column_family.cc:475] --------------- Options for column family [usertable]:
2018/11/21-08:47:22.689815 7f6d6e91f0               Options.comparator: leveldb.BytewiseComparator
2018/11/21-08:47:22.689823 7f6d6e91f0           Options.merge_operator: None
2018/11/21-08:47:22.689829 7f6d6e91f0        Options.compaction_filter: None
2018/11/21-08:47:22.689835 7f6d6e91f0        Options.compaction_filter_factory: None
2018/11/21-08:47:22.689842 7f6d6e91f0         Options.memtable_factory: SkipListFactory
2018/11/21-08:47:22.689848 7f6d6e91f0            Options.table_factory: BlockBasedTable
2018/11/21-08:47:22.689943 7f6d6e91f0            table_factory options:   flush_block_policy_factory: FlushBlockBySizePolicyFactory (0x7f283745e0)
  cache_index_and_filter_blocks: 0
  cache_index_and_filter_blocks_with_high_priority: 0
  pin_l0_filter_and_index_blocks_in_cache: 0
  index_type: 0
  hash_index_allow_collision: 1
  checksum: 1
  no_block_cache: 0
  block_cache: 0x7f28383b10
  block_cache_name: LRUCache
  block_cache_options:
    capacity : 8388608
    num_shard_bits : 4
    strict_capacity_limit : 0
    high_pri_pool_ratio: 0.000
  block_cache_compressed: (nil)
  persistent_cache: (nil)
  block_size: 8192
  block_size_deviation: 10
  block_restart_interval: 16
  index_block_restart_interval: 1
  metadata_block_size: 4096
  partition_filters: 0
  use_delta_encoding: 1
  filter_policy: nullptr
  whole_key_filtering: 1
  verify_compression: 0
  read_amp_bytes_per_bit: 0
  format_version: 2
  enable_index_compression: 1
  block_align: 0
2018/11/21-08:47:22.689953 7f6d6e91f0        Options.write_buffer_size: 134217728
2018/11/21-08:47:22.689960 7f6d6e91f0  Options.max_write_buffer_number: 24
2018/11/21-08:47:22.689967 7f6d6e91f0        Options.compression[0]: NoCompression
2018/11/21-08:47:22.689974 7f6d6e91f0        Options.compression[1]: NoCompression
2018/11/21-08:47:22.689980 7f6d6e91f0        Options.compression[2]: LZ4
2018/11/21-08:47:22.689987 7f6d6e91f0        Options.compression[3]: LZ4
2018/11/21-08:47:22.689993 7f6d6e91f0        Options.compression[4]: LZ4
2018/11/21-08:47:22.690035 7f6d6e91f0        Options.compression[5]: LZ4
2018/11/21-08:47:22.690042 7f6d6e91f0        Options.compression[6]: LZ4
2018/11/21-08:47:22.690049 7f6d6e91f0                  Options.bottommost_compression: Disabled
2018/11/21-08:47:22.690055 7f6d6e91f0       Options.prefix_extractor: nullptr
2018/11/21-08:47:22.690061 7f6d6e91f0   Options.memtable_insert_with_hint_prefix_extractor: nullptr
2018/11/21-08:47:22.690068 7f6d6e91f0             Options.num_levels: 7
2018/11/21-08:47:22.690074 7f6d6e91f0        Options.min_write_buffer_number_to_merge: 2
2018/11/21-08:47:22.690080 7f6d6e91f0     Options.max_write_buffer_number_to_maintain: 0
2018/11/21-08:47:22.690087 7f6d6e91f0            Options.compression_opts.window_bits: -14
2018/11/21-08:47:22.690093 7f6d6e91f0                  Options.compression_opts.level: -1
2018/11/21-08:47:22.690099 7f6d6e91f0               Options.compression_opts.strategy: 0
2018/11/21-08:47:22.690105 7f6d6e91f0         Options.compression_opts.max_dict_bytes: 0
2018/11/21-08:47:22.690112 7f6d6e91f0         Options.compression_opts.zstd_max_train_bytes: 0
2018/11/21-08:47:22.690118 7f6d6e91f0      Options.level0_file_num_compaction_trigger: 2
2018/11/21-08:47:22.690124 7f6d6e91f0          Options.level0_slowdown_writes_trigger: 20
2018/11/21-08:47:22.690131 7f6d6e91f0              Options.level0_stop_writes_trigger: 36
2018/11/21-08:47:22.690137 7f6d6e91f0                   Options.target_file_size_base: 67108864
2018/11/21-08:47:22.690143 7f6d6e91f0             Options.target_file_size_multiplier: 1
2018/11/21-08:47:22.690149 7f6d6e91f0                Options.max_bytes_for_level_base: 536870912
2018/11/21-08:47:22.690156 7f6d6e91f0 Options.level_compaction_dynamic_level_bytes: 0
2018/11/21-08:47:22.690162 7f6d6e91f0          Options.max_bytes_for_level_multiplier: 10.000000
2018/11/21-08:47:22.690174 7f6d6e91f0 Options.max_bytes_for_level_multiplier_addtl[0]: 1
2018/11/21-08:47:22.690181 7f6d6e91f0 Options.max_bytes_for_level_multiplier_addtl[1]: 1
2018/11/21-08:47:22.690230 7f6d6e91f0 Options.max_bytes_for_level_multiplier_addtl[2]: 1
2018/11/21-08:47:22.690238 7f6d6e91f0 Options.max_bytes_for_level_multiplier_addtl[3]: 1
2018/11/21-08:47:22.690245 7f6d6e91f0 Options.max_bytes_for_level_multiplier_addtl[4]: 1
2018/11/21-08:47:22.690251 7f6d6e91f0 Options.max_bytes_for_level_multiplier_addtl[5]: 1
2018/11/21-08:47:22.690257 7f6d6e91f0 Options.max_bytes_for_level_multiplier_addtl[6]: 1
2018/11/21-08:47:22.690264 7f6d6e91f0       Options.max_sequential_skip_in_iterations: 8
2018/11/21-08:47:22.690269 7f6d6e91f0                    Options.max_compaction_bytes: 1677721600
2018/11/21-08:47:22.690276 7f6d6e91f0                        Options.arena_block_size: 16777216
2018/11/21-08:47:22.690282 7f6d6e91f0   Options.soft_pending_compaction_bytes_limit: 68719476736
2018/11/21-08:47:22.690288 7f6d6e91f0   Options.hard_pending_compaction_bytes_limit: 274877906944
2018/11/21-08:47:22.690295 7f6d6e91f0       Options.rate_limit_delay_max_milliseconds: 100
2018/11/21-08:47:22.690301 7f6d6e91f0                Options.disable_auto_compactions: 0
2018/11/21-08:47:22.690309 7f6d6e91f0                        Options.compaction_style: kCompactionStyleLevel
2018/11/21-08:47:22.690318 7f6d6e91f0                          Options.compaction_pri: kByCompensatedSize
2018/11/21-08:47:22.690325 7f6d6e91f0 Options.compaction_options_universal.size_ratio: 1
2018/11/21-08:47:22.690331 7f6d6e91f0 Options.compaction_options_universal.min_merge_width: 2
2018/11/21-08:47:22.690337 7f6d6e91f0 Options.compaction_options_universal.max_merge_width: 4294967295
2018/11/21-08:47:22.690343 7f6d6e91f0 Options.compaction_options_universal.max_size_amplification_percent: 200
2018/11/21-08:47:22.690349 7f6d6e91f0 Options.compaction_options_universal.compression_size_percent: -1
2018/11/21-08:47:22.690357 7f6d6e91f0 Options.compaction_options_universal.stop_style: kCompactionStopStyleTotalSize
2018/11/21-08:47:22.690363 7f6d6e91f0 Options.compaction_options_fifo.max_table_files_size: 1073741824
2018/11/21-08:47:22.690369 7f6d6e91f0 Options.compaction_options_fifo.allow_compaction: 0
2018/11/21-08:47:22.690376 7f6d6e91f0 Options.compaction_options_fifo.ttl: 0
2018/11/21-08:47:22.690382 7f6d6e91f0                   Options.table_properties_collectors: 
2018/11/21-08:47:22.690388 7f6d6e91f0                   Options.inplace_update_support: 0
2018/11/21-08:47:22.690394 7f6d6e91f0                 Options.inplace_update_num_locks: 10000
2018/11/21-08:47:22.690400 7f6d6e91f0               Options.memtable_prefix_bloom_size_ratio: 0.000000
2018/11/21-08:47:22.690408 7f6d6e91f0   Options.memtable_huge_page_size: 0
2018/11/21-08:47:22.690415 7f6d6e91f0                           Options.bloom_locality: 0
2018/11/21-08:47:22.690421 7f6d6e91f0                    Options.max_successive_merges: 0
2018/11/21-08:47:22.690427 7f6d6e91f0                Options.optimize_filters_for_hits: 0
2018/11/21-08:47:22.690433 7f6d6e91f0                Options.paranoid_file_checks: 0
2018/11/21-08:47:22.690439 7f6d6e91f0                Options.force_consistency_checks: 0
2018/11/21-08:47:22.690445 7f6d6e91f0                Options.report_bg_io_stats: 0
2018/11/21-08:47:22.690451 7f6d6e91f0                               Options.ttl: 0
2018/11/21-08:47:22.690647 7f6d6e91f0 [db/db_impl.cc:1396] Created column family [usertable] (ID 1)
2018/11/21-08:47:22.783677 7f6d6e91f0 [db/db_impl_open.cc:1219] DB pointer 0x7f283e0040
2018/11/21-08:47:29.060759 7f6d6e91f0 [db/db_impl_write.cc:1373] [usertable] New memtable created with log file: #9. Immutable memtables: 0.
2018/11/21-08:47:35.333729 7f6d6e91f0 [db/db_impl_write.cc:1373] [usertable] New memtable created with log file: #10. Immutable memtables: 1.
2018/11/21-08:47:35.334221 7f517fa1f0 [db/db_impl_compaction_flush.cc:80] [JOB 2] Syncing log #3
2018/11/21-08:47:35.479628 7f517fa1f0 [db/db_impl_compaction_flush.cc:80] [JOB 2] Syncing log #9
2018/11/21-08:47:36.835126 7f517fa1f0 (Original Log Time 2018/11/21-08:47:35.334125) [db/db_impl_compaction_flush.cc:1424] Calling FlushMemTableToOutputFile with column family [usertable], flush slots available 6, compaction slots available 1, flush slots scheduled 1, compaction slots scheduled 0
2018/11/21-08:47:36.835186 7f517fa1f0 [db/flush_job.cc:301] [usertable] [JOB 2] Flushing memtable with next log file: 9
2018/11/21-08:47:36.835227 7f517fa1f0 [db/flush_job.cc:301] [usertable] [JOB 2] Flushing memtable with next log file: 10
2018/11/21-08:47:36.835359 7f517fa1f0 EVENT_LOG_v1 {"time_micros": 1542790056835311, "job": 2, "event": "flush_started", "num_memtables": 2, "num_entries": 62730, "num_deletes": 0, "memory_usage": 260120080, "flush_reason": "Write Buffer Full"}
2018/11/21-08:47:36.835395 7f517fa1f0 [db/flush_job.cc:331] [usertable] [JOB 2] Level-0 flush table #11: started
2018/11/21-08:47:38.293767 7f517fa1f0 EVENT_LOG_v1 {"time_micros": 1542790058293665, "cf_name": "usertable", "job": 2, "event": "table_file_creation", "file_number": 11, "file_size": 259789991, "table_properties": {"data_size": 258635790, "index_size": 1153274, "filter_size": 0, "raw_key_size": 1505520, "raw_average_key_size": 24, "raw_value_size": 256942080, "raw_average_value_size": 4096, "num_data_blocks": 31365, "num_entries": 62730, "filter_policy_name": "", "kDeletedKeys": "0", "kMergeOperands": "0"}}
2018/11/21-08:47:38.293877 7f517fa1f0 [db/flush_job.cc:371] [usertable] [JOB 2] Level-0 flush table #11: 259789991 bytes OK
2018/11/21-08:47:38.324847 7f517fa1f0 (Original Log Time 2018/11/21-08:47:38.293929) [db/memtable_list.cc:377] [usertable] Level-0 commit table #11 started
2018/11/21-08:47:38.324865 7f517fa1f0 (Original Log Time 2018/11/21-08:47:38.324501) [db/memtable_list.cc:409] [usertable] Level-0 commit table #11: memtable #1 done
2018/11/21-08:47:38.324875 7f517fa1f0 (Original Log Time 2018/11/21-08:47:38.324555) [db/memtable_list.cc:409] [usertable] Level-0 commit table #11: memtable #2 done
2018/11/21-08:47:38.324885 7f517fa1f0 (Original Log Time 2018/11/21-08:47:38.324643) EVENT_LOG_v1 {"time_micros": 1542790058324608, "job": 2, "event": "flush_finished", "output_compression": "NoCompression", "lsm_state": [1, 0, 0, 0, 0, 0, 0], "immutable_memtables": 0}
2018/11/21-08:47:38.324895 7f517fa1f0 (Original Log Time 2018/11/21-08:47:38.324727) [db/db_impl_compaction_flush.cc:177] [usertable] Level summary: base level 1 max bytes base 536870912 files[1 0 0 0 0 0 0] max score 0.50
2018/11/21-08:47:38.324946 7f517fa1f0 [db/db_impl_files.cc:347] [JOB 2] Try to delete WAL files size 259012170, prev total WAL file size 320773752, number of live WAL files 3.
2018/11/21-08:47:41.606357 7f6d6e91f0 [db/db_impl_write.cc:1373] [usertable] New memtable created with log file: #12. Immutable memtables: 0.
2018/11/21-08:47:47.879371 7f6d6e91f0 [db/db_impl_write.cc:1373] [usertable] New memtable created with log file: #13. Immutable memtables: 1.
2018/11/21-08:47:47.879587 7f02ffd1f0 [db/db_impl_compaction_flush.cc:80] [JOB 3] Syncing log #10
2018/11/21-08:47:48.424123 7f02ffd1f0 [db/db_impl_compaction_flush.cc:80] [JOB 3] Syncing log #12
2018/11/21-08:47:48.990454 7f02ffd1f0 (Original Log Time 2018/11/21-08:47:47.879557) [db/db_impl_compaction_flush.cc:1424] Calling FlushMemTableToOutputFile with column family [usertable], flush slots available 6, compaction slots available 1, flush slots scheduled 1, compaction slots scheduled 0
2018/11/21-08:47:48.990503 7f02ffd1f0 [db/flush_job.cc:301] [usertable] [JOB 3] Flushing memtable with next log file: 12
2018/11/21-08:47:48.990527 7f02ffd1f0 [db/flush_job.cc:301] [usertable] [JOB 3] Flushing memtable with next log file: 13
2018/11/21-08:47:48.990613 7f02ffd1f0 EVENT_LOG_v1 {"time_micros": 1542790068990587, "job": 3, "event": "flush_started", "num_memtables": 2, "num_entries": 62730, "num_deletes": 0, "memory_usage": 260071168, "flush_reason": "Write Buffer Full"}
2018/11/21-08:47:48.990632 7f02ffd1f0 [db/flush_job.cc:331] [usertable] [JOB 3] Level-0 flush table #14: started
2018/11/21-08:47:50.344080 7f02ffd1f0 EVENT_LOG_v1 {"time_micros": 1542790070344026, "cf_name": "usertable", "job": 3, "event": "table_file_creation", "file_number": 14, "file_size": 259789989, "table_properties": {"data_size": 258635790, "index_size": 1153272, "filter_size": 0, "raw_key_size": 1505520, "raw_average_key_size": 24, "raw_value_size": 256942080, "raw_average_value_size": 4096, "num_data_blocks": 31365, "num_entries": 62730, "filter_policy_name": "", "kDeletedKeys": "0", "kMergeOperands": "0"}}
2018/11/21-08:47:50.344125 7f02ffd1f0 [db/flush_job.cc:371] [usertable] [JOB 3] Level-0 flush table #14: 259789989 bytes OK
2018/11/21-08:47:50.374362 7f02ffd1f0 (Original Log Time 2018/11/21-08:47:50.344154) [db/memtable_list.cc:377] [usertable] Level-0 commit table #14 started
2018/11/21-08:47:50.374373 7f02ffd1f0 (Original Log Time 2018/11/21-08:47:50.374173) [db/memtable_list.cc:409] [usertable] Level-0 commit table #14: memtable #1 done
2018/11/21-08:47:50.374377 7f02ffd1f0 (Original Log Time 2018/11/21-08:47:50.374185) [db/memtable_list.cc:409] [usertable] Level-0 commit table #14: memtable #2 done
2018/11/21-08:47:50.374382 7f02ffd1f0 (Original Log Time 2018/11/21-08:47:50.374232) EVENT_LOG_v1 {"time_micros": 1542790070374216, "job": 3, "event": "flush_finished", "output_compression": "NoCompression", "lsm_state": [2, 0, 0, 0, 0, 0, 0], "immutable_memtables": 0}
2018/11/21-08:47:50.374386 7f02ffd1f0 (Original Log Time 2018/11/21-08:47:50.374313) [db/db_impl_compaction_flush.cc:177] [usertable] Level summary: base level 1 max bytes base 536870912 files[2 0 0 0 0 0 0] max score 1.00
2018/11/21-08:47:50.374408 7f02ffd1f0 [db/db_impl_files.cc:347] [JOB 3] Try to delete WAL files size 259012170, prev total WAL file size 310525574, number of live WAL files 3.
2018/11/21-08:47:50.374763 7f537fe1f0 [WARN] [db/db_impl.cc:491] ------- DUMPING STATS -------
2018/11/21-08:47:50.374830 7f537fe1f0 [WARN] [db/db_impl.cc:492] 
** DB Stats **
Uptime(secs): 27.8 total, 27.8 interval
Cumulative writes: 137K writes, 137K keys, 137K commit groups, 1.0 writes per commit group, ingest: 0.53 GB, 19.56 MB/s
Cumulative WAL: 137K writes, 0 syncs, 137936.00 writes per sync, written: 0.53 GB, 19.56 MB/s
Cumulative stall: 00:00:0.000 H:M:S, 0.0 percent
Interval writes: 137K writes, 137K keys, 137K commit groups, 1.0 writes per commit group, ingest: 543.15 MB, 19.56 MB/s
Interval WAL: 137K writes, 0 syncs, 137936.00 writes per sync, written: 0.53 MB, 19.56 MB/s
Interval stall: 00:00:0.000 H:M:S, 0.0 percent

** Compaction Stats [default] **
Level    Files   Size     Score Read(GB)  Rn(GB) Rnp1(GB) Write(GB) Wnew(GB) Moved(GB) W-Amp Rd(MB/s) Wr(MB/s) Comp(sec) Comp(cnt) Avg(sec) KeyIn KeyDrop
----------------------------------------------------------------------------------------------------------------------------------------------------------
 Sum      0/0    0.00 KB   0.0      0.0     0.0      0.0       0.0      0.0       0.0   0.0      0.0      0.0         0         0    0.000       0      0
 Int      0/0    0.00 KB   0.0      0.0     0.0      0.0       0.0      0.0       0.0   0.0      0.0      0.0         0         0    0.000       0      0
Uptime(secs): 27.8 total, 27.8 interval
Flush(GB): cumulative 0.000, interval 0.000
AddFile(GB): cumulative 0.000, interval 0.000
AddFile(Total Files): cumulative 0, interval 0
AddFile(L0 Files): cumulative 0, interval 0
AddFile(Keys): cumulative 0, interval 0
Cumulative compaction: 0.00 GB write, 0.00 MB/s write, 0.00 GB read, 0.00 MB/s read, 0.0 seconds
Interval compaction: 0.00 GB write, 0.00 MB/s write, 0.00 GB read, 0.00 MB/s read, 0.0 seconds
Stalls(count): 0 level0_slowdown, 0 level0_slowdown_with_compaction, 0 level0_numfiles, 0 level0_numfiles_with_compaction, 0 stop for pending_compaction_bytes, 0 slowdown for pending_compaction_bytes, 0 memtable_compaction, 0 memtable_slowdown, interval 0 total count

** File Read Latency Histogram By Level [default] **

** Compaction Stats [usertable] **
Level    Files   Size     Score Read(GB)  Rn(GB) Rnp1(GB) Write(GB) Wnew(GB) Moved(GB) W-Amp Rd(MB/s) Wr(MB/s) Comp(sec) Comp(cnt) Avg(sec) KeyIn KeyDrop
----------------------------------------------------------------------------------------------------------------------------------------------------------
  L0      2/0   495.51 MB   1.0      0.0     0.0      0.0       0.5      0.5       0.0   1.0      0.0    176.2         3         2    1.406       0      0
 Sum      2/0   495.51 MB   0.0      0.0     0.0      0.0       0.5      0.5       0.0   1.0      0.0    176.2         3         2    1.406       0      0
 Int      0/0    0.00 KB   0.0      0.0     0.0      0.0       0.5      0.5       0.0   1.0      0.0    176.2         3         2    1.406       0      0
Uptime(secs): 27.7 total, 27.7 interval
Flush(GB): cumulative 0.484, interval 0.484
AddFile(GB): cumulative 0.000, interval 0.000
AddFile(Total Files): cumulative 0, interval 0
AddFile(L0 Files): cumulative 0, interval 0
AddFile(Keys): cumulative 0, interval 0
Cumulative compaction: 0.48 GB write, 17.90 MB/s write, 0.00 GB read, 0.00 MB/s read, 2.8 seconds
Interval compaction: 0.48 GB write, 17.90 MB/s write, 0.00 GB read, 0.00 MB/s read, 2.8 seconds
Stalls(count): 0 level0_slowdown, 0 level0_slowdown_with_compaction, 0 level0_numfiles, 0 level0_numfiles_with_compaction, 0 stop for pending_compaction_bytes, 0 slowdown for pending_compaction_bytes, 0 memtable_compaction, 0 memtable_slowdown, interval 0 total count

** File Read Latency Histogram By Level [usertable] **

** Compaction Stats [default] **
Level    Files   Size     Score Read(GB)  Rn(GB) Rnp1(GB) Write(GB) Wnew(GB) Moved(GB) W-Amp Rd(MB/s) Wr(MB/s) Comp(sec) Comp(cnt) Avg(sec) KeyIn KeyDrop
----------------------------------------------------------------------------------------------------------------------------------------------------------
 Sum      0/0    0.00 KB   0.0      0.0     0.0      0.0       0.0      0.0       0.0   0.0      0.0      0.0         0         0    0.000       0      0
 Int      0/0    0.00 KB   0.0      0.0     0.0      0.0       0.0      0.0       0.0   0.0      0.0      0.0         0         0    0.000       0      0
Uptime(secs): 27.8 total, 0.0 interval
Flush(GB): cumulative 0.000, interval 0.000
AddFile(GB): cumulative 0.000, interval 0.000
AddFile(Total Files): cumulative 0, interval 0
AddFile(L0 Files): cumulative 0, interval 0
AddFile(Keys): cumulative 0, interval 0
Cumulative compaction: 0.00 GB write, 0.00 MB/s write, 0.00 GB read, 0.00 MB/s read, 0.0 seconds
Interval compaction: 0.00 GB write, 0.00 MB/s write, 0.00 GB read, 0.00 MB/s read, 0.0 seconds
Stalls(count): 0 level0_slowdown, 0 level0_slowdown_with_compaction, 0 level0_numfiles, 0 level0_numfiles_with_compaction, 0 stop for pending_compaction_bytes, 0 slowdown for pending_compaction_bytes, 0 memtable_compaction, 0 memtable_slowdown, interval 0 total count

** File Read Latency Histogram By Level [default] **

** Compaction Stats [usertable] **
Level    Files   Size     Score Read(GB)  Rn(GB) Rnp1(GB) Write(GB) Wnew(GB) Moved(GB) W-Amp Rd(MB/s) Wr(MB/s) Comp(sec) Comp(cnt) Avg(sec) KeyIn KeyDrop
----------------------------------------------------------------------------------------------------------------------------------------------------------
  L0      2/0   495.51 MB   1.0      0.0     0.0      0.0       0.5      0.5       0.0   1.0      0.0    176.2         3         2    1.406       0      0
 Sum      2/0   495.51 MB   0.0      0.0     0.0      0.0       0.5      0.5       0.0   1.0      0.0    176.2         3         2    1.406       0      0
 Int      0/0    0.00 KB   0.0      0.0     0.0      0.0       0.0      0.0       0.0   0.0      0.0      0.0         0         0    0.000       0      0
Uptime(secs): 27.7 total, 0.0 interval
Flush(GB): cumulative 0.484, interval 0.000
AddFile(GB): cumulative 0.000, interval 0.000
AddFile(Total Files): cumulative 0, interval 0
AddFile(L0 Files): cumulative 0, interval 0
AddFile(Keys): cumulative 0, interval 0
Cumulative compaction: 0.48 GB write, 17.90 MB/s write, 0.00 GB read, 0.00 MB/s read, 2.8 seconds
Interval compaction: 0.00 GB write, 0.00 MB/s write, 0.00 GB read, 0.00 MB/s read, 0.0 seconds
Stalls(count): 0 level0_slowdown, 0 level0_slowdown_with_compaction, 0 level0_numfiles, 0 level0_numfiles_with_compaction, 0 stop for pending_compaction_bytes, 0 slowdown for pending_compaction_bytes, 0 memtable_compaction, 0 memtable_slowdown, interval 0 total count

** File Read Latency Histogram By Level [usertable] **
2018/11/21-08:47:50.405035 7f537fe1f0 (Original Log Time 2018/11/21-08:47:50.375061) [db/db_impl_compaction_flush.cc:1835] [usertable] Moving #11 to level-1 259789991 bytes
2018/11/21-08:47:50.405046 7f537fe1f0 (Original Log Time 2018/11/21-08:47:50.404892) EVENT_LOG_v1 {"time_micros": 1542790070404868, "job": 4, "event": "trivial_move", "destination_level": 1, "files": 1, "total_files_size": 259789991}
2018/11/21-08:47:50.405051 7f537fe1f0 (Original Log Time 2018/11/21-08:47:50.404924) [db/db_impl_compaction_flush.cc:1864] [usertable] Moved #1 files to level-1 259789991 bytes OK: base level 1 max bytes base 536870912 files[1 1 0 0 0 0 0] max score 0.50
2018/11/21-08:47:54.153751 7f6d6e91f0 [db/db_impl_write.cc:1373] [usertable] New memtable created with log file: #15. Immutable memtables: 0.
2018/11/21-08:48:00.426733 7f6d6e91f0 [db/db_impl_write.cc:1373] [usertable] New memtable created with log file: #16. Immutable memtables: 1.
2018/11/21-08:48:00.426878 7f027fc1f0 [db/db_impl_compaction_flush.cc:80] [JOB 5] Syncing log #13
2018/11/21-08:48:00.986366 7f027fc1f0 [db/db_impl_compaction_flush.cc:80] [JOB 5] Syncing log #15
2018/11/21-08:48:01.544480 7f027fc1f0 (Original Log Time 2018/11/21-08:48:00.426853) [db/db_impl_compaction_flush.cc:1424] Calling FlushMemTableToOutputFile with column family [usertable], flush slots available 6, compaction slots available 1, flush slots scheduled 1, compaction slots scheduled 0
2018/11/21-08:48:01.544532 7f027fc1f0 [db/flush_job.cc:301] [usertable] [JOB 5] Flushing memtable with next log file: 15
2018/11/21-08:48:01.544557 7f027fc1f0 [db/flush_job.cc:301] [usertable] [JOB 5] Flushing memtable with next log file: 16
2018/11/21-08:48:01.544638 7f027fc1f0 EVENT_LOG_v1 {"time_micros": 1542790081544613, "job": 5, "event": "flush_started", "num_memtables": 2, "num_entries": 62737, "num_deletes": 0, "memory_usage": 260056704, "flush_reason": "Write Buffer Full"}
2018/11/21-08:48:01.544656 7f027fc1f0 [db/flush_job.cc:331] [usertable] [JOB 5] Level-0 flush table #17: started
2018/11/21-08:48:02.898028 7f027fc1f0 EVENT_LOG_v1 {"time_micros": 1542790082897954, "cf_name": "usertable", "job": 5, "event": "table_file_creation", "file_number": 17, "file_size": 259819012, "table_properties": {"data_size": 258664665, "index_size": 1153420, "filter_size": 0, "raw_key_size": 1505688, "raw_average_key_size": 24, "raw_value_size": 256970752, "raw_average_value_size": 4096, "num_data_blocks": 31369, "num_entries": 62737, "filter_policy_name": "", "kDeletedKeys": "0", "kMergeOperands": "0"}}
2018/11/21-08:48:02.898089 7f027fc1f0 [db/flush_job.cc:371] [usertable] [JOB 5] Level-0 flush table #17: 259819012 bytes OK
2018/11/21-08:48:02.928666 7f027fc1f0 (Original Log Time 2018/11/21-08:48:02.898120) [db/memtable_list.cc:377] [usertable] Level-0 commit table #17 started
2018/11/21-08:48:02.928676 7f027fc1f0 (Original Log Time 2018/11/21-08:48:02.928490) [db/memtable_list.cc:409] [usertable] Level-0 commit table #17: memtable #1 done
2018/11/21-08:48:02.928681 7f027fc1f0 (Original Log Time 2018/11/21-08:48:02.928501) [db/memtable_list.cc:409] [usertable] Level-0 commit table #17: memtable #2 done
2018/11/21-08:48:02.928685 7f027fc1f0 (Original Log Time 2018/11/21-08:48:02.928545) EVENT_LOG_v1 {"time_micros": 1542790082928530, "job": 5, "event": "flush_finished", "output_compression": "NoCompression", "lsm_state": [2, 1, 0, 0, 0, 0, 0], "immutable_memtables": 0}
2018/11/21-08:48:02.928690 7f027fc1f0 (Original Log Time 2018/11/21-08:48:02.928618) [db/db_impl_compaction_flush.cc:177] [usertable] Level summary: base level 1 max bytes base 536870912 files[2 1 0 0 0 0 0] max score 1.00
2018/11/21-08:48:02.928714 7f027fc1f0 [db/db_impl_files.cc:347] [JOB 5] Try to delete WAL files size 259041073, prev total WAL file size 310698992, number of live WAL files 3.
2018/11/21-08:48:02.959554 7f53fff1f0 (Original Log Time 2018/11/21-08:48:02.928926) [db/db_impl_compaction_flush.cc:1835] [usertable] Moving #17 to level-1 259819012 bytes
2018/11/21-08:48:02.959575 7f53fff1f0 (Original Log Time 2018/11/21-08:48:02.959403) EVENT_LOG_v1 {"time_micros": 1542790082959382, "job": 6, "event": "trivial_move", "destination_level": 1, "files": 1, "total_files_size": 259819012}
