2018/11/24-03:31:42.745805 7f8ceab1f0 RocksDB version: 5.14.3
2018/11/24-03:31:42.745991 7f8ceab1f0 Git sha rocksdb_build_git_sha:
2018/11/24-03:31:42.746016 7f8ceab1f0 Compile date Nov 15 2018
2018/11/24-03:31:42.746027 7f8ceab1f0 DB SUMMARY
2018/11/24-03:31:42.746980 7f8ceab1f0 CURRENT file:  CURRENT
2018/11/24-03:31:42.746992 7f8ceab1f0 IDENTITY file:  IDENTITY
2018/11/24-03:31:42.747033 7f8ceab1f0 MANIFEST file:  MANIFEST-000004 size: 121777 Bytes
2018/11/24-03:31:42.747041 7f8ceab1f0 SST files in /mnt/sda/ycsb-rocksdb-data dir, Total Num: 671, files: 000021.sst 000022.sst 000023.sst 000024.sst 000028.sst 000029.sst 000030.sst 000031.sst 000035.sst 
2018/11/24-03:31:42.747045 7f8ceab1f0 Write Ahead Log file in /mnt/sda/ycsb-rocksdb-data: 001182.log size: 128216161 ; 001188.log size: 35264277 ; 
2018/11/24-03:31:42.747057 7f8ceab1f0                         Options.error_if_exists: 0
2018/11/24-03:31:42.747062 7f8ceab1f0                       Options.create_if_missing: 1
2018/11/24-03:31:42.747065 7f8ceab1f0                         Options.paranoid_checks: 1
2018/11/24-03:31:42.747068 7f8ceab1f0                                     Options.env: 0x7f5c7f7f18
2018/11/24-03:31:42.747071 7f8ceab1f0                                Options.info_log: 0x7f583d1900
2018/11/24-03:31:42.747074 7f8ceab1f0                Options.max_file_opening_threads: 16
2018/11/24-03:31:42.747078 7f8ceab1f0                              Options.statistics: (nil)
2018/11/24-03:31:42.747081 7f8ceab1f0                               Options.use_fsync: 0
2018/11/24-03:31:42.747084 7f8ceab1f0                       Options.max_log_file_size: 0
2018/11/24-03:31:42.747087 7f8ceab1f0                  Options.max_manifest_file_size: 18446744073709551615
2018/11/24-03:31:42.747090 7f8ceab1f0                   Options.log_file_time_to_roll: 0
2018/11/24-03:31:42.747092 7f8ceab1f0                       Options.keep_log_file_num: 1000
2018/11/24-03:31:42.747096 7f8ceab1f0                    Options.recycle_log_file_num: 0
2018/11/24-03:31:42.747099 7f8ceab1f0                         Options.allow_fallocate: 1
2018/11/24-03:31:42.747102 7f8ceab1f0                        Options.allow_mmap_reads: 0
2018/11/24-03:31:42.747105 7f8ceab1f0                       Options.allow_mmap_writes: 0
2018/11/24-03:31:42.747108 7f8ceab1f0                        Options.use_direct_reads: 0
2018/11/24-03:31:42.747111 7f8ceab1f0                        Options.use_direct_io_for_flush_and_compaction: 0
2018/11/24-03:31:42.747114 7f8ceab1f0          Options.create_missing_column_families: 1
2018/11/24-03:31:42.747116 7f8ceab1f0                              Options.db_log_dir: 
2018/11/24-03:31:42.747120 7f8ceab1f0                                 Options.wal_dir: /mnt/sda/ycsb-rocksdb-data
2018/11/24-03:31:42.747122 7f8ceab1f0                Options.table_cache_numshardbits: 6
2018/11/24-03:31:42.747125 7f8ceab1f0                      Options.max_subcompactions: 4
2018/11/24-03:31:42.747128 7f8ceab1f0                  Options.max_background_flushes: 6
2018/11/24-03:31:42.747131 7f8ceab1f0                         Options.WAL_ttl_seconds: 0
2018/11/24-03:31:42.747134 7f8ceab1f0                       Options.WAL_size_limit_MB: 0
2018/11/24-03:31:42.747137 7f8ceab1f0             Options.manifest_preallocation_size: 4194304
2018/11/24-03:31:42.747140 7f8ceab1f0                     Options.is_fd_close_on_exec: 1
2018/11/24-03:31:42.747143 7f8ceab1f0                   Options.advise_random_on_open: 1
2018/11/24-03:31:42.747146 7f8ceab1f0                    Options.db_write_buffer_size: 0
2018/11/24-03:31:42.747149 7f8ceab1f0                    Options.write_buffer_manager: 0x7f583d2c60
2018/11/24-03:31:42.747152 7f8ceab1f0         Options.access_hint_on_compaction_start: 1
2018/11/24-03:31:42.747155 7f8ceab1f0  Options.new_table_reader_for_compaction_inputs: 0
2018/11/24-03:31:42.747157 7f8ceab1f0           Options.random_access_max_buffer_size: 1048576
2018/11/24-03:31:42.747160 7f8ceab1f0                      Options.use_adaptive_mutex: 0
2018/11/24-03:31:42.747163 7f8ceab1f0                            Options.rate_limiter: (nil)
2018/11/24-03:31:42.747168 7f8ceab1f0     Options.sst_file_manager.rate_bytes_per_sec: 0
2018/11/24-03:31:42.747205 7f8ceab1f0                       Options.wal_recovery_mode: 2
2018/11/24-03:31:42.747209 7f8ceab1f0                  Options.enable_thread_tracking: 0
2018/11/24-03:31:42.747212 7f8ceab1f0                  Options.enable_pipelined_write: 1
2018/11/24-03:31:42.747215 7f8ceab1f0         Options.allow_concurrent_memtable_write: 1
2018/11/24-03:31:42.747218 7f8ceab1f0      Options.enable_write_thread_adaptive_yield: 1
2018/11/24-03:31:42.747221 7f8ceab1f0             Options.write_thread_max_yield_usec: 100
2018/11/24-03:31:42.747224 7f8ceab1f0            Options.write_thread_slow_yield_usec: 3
2018/11/24-03:31:42.747227 7f8ceab1f0                               Options.row_cache: None
2018/11/24-03:31:42.747230 7f8ceab1f0                              Options.wal_filter: None
2018/11/24-03:31:42.747233 7f8ceab1f0             Options.avoid_flush_during_recovery: 0
2018/11/24-03:31:42.747237 7f8ceab1f0             Options.allow_ingest_behind: 0
2018/11/24-03:31:42.747239 7f8ceab1f0             Options.preserve_deletes: 0
2018/11/24-03:31:42.747242 7f8ceab1f0             Options.two_write_queues: 0
2018/11/24-03:31:42.747245 7f8ceab1f0             Options.manual_wal_flush: 0
2018/11/24-03:31:42.747250 7f8ceab1f0             Options.max_background_jobs: 6
2018/11/24-03:31:42.747253 7f8ceab1f0             Options.max_background_compactions: 6
2018/11/24-03:31:42.747256 7f8ceab1f0             Options.avoid_flush_during_shutdown: 0
2018/11/24-03:31:42.747258 7f8ceab1f0           Options.writable_file_max_buffer_size: 1048576
2018/11/24-03:31:42.747261 7f8ceab1f0             Options.delayed_write_rate : 16777216
2018/11/24-03:31:42.747264 7f8ceab1f0             Options.max_total_wal_size: 0
2018/11/24-03:31:42.747267 7f8ceab1f0             Options.delete_obsolete_files_period_micros: 21600000000
2018/11/24-03:31:42.747270 7f8ceab1f0                   Options.stats_dump_period_sec: 60
2018/11/24-03:31:42.747273 7f8ceab1f0                          Options.max_open_files: -1
2018/11/24-03:31:42.747276 7f8ceab1f0                          Options.bytes_per_sync: 1048576
2018/11/24-03:31:42.747279 7f8ceab1f0                      Options.wal_bytes_per_sync: 0
2018/11/24-03:31:42.747282 7f8ceab1f0       Options.compaction_readahead_size: 0
2018/11/24-03:31:42.747284 7f8ceab1f0 Compression algorithms supported:
2018/11/24-03:31:42.747288 7f8ceab1f0 	kZSTDNotFinalCompression supported: 1
2018/11/24-03:31:42.747325 7f8ceab1f0 	kZSTD supported: 1
2018/11/24-03:31:42.747331 7f8ceab1f0 	kXpressCompression supported: 0
2018/11/24-03:31:42.747334 7f8ceab1f0 	kLZ4HCCompression supported: 1
2018/11/24-03:31:42.747338 7f8ceab1f0 	kLZ4Compression supported: 1
2018/11/24-03:31:42.747341 7f8ceab1f0 	kBZip2Compression supported: 1
2018/11/24-03:31:42.747344 7f8ceab1f0 	kZlibCompression supported: 1
2018/11/24-03:31:42.747347 7f8ceab1f0 	kSnappyCompression supported: 1
2018/11/24-03:31:42.747355 7f8ceab1f0 Fast CRC32 supported: Not supported on x86
2018/11/24-03:31:42.748098 7f8ceab1f0 [db/version_set.cc:3085] Recovering from manifest file: MANIFEST-000004
2018/11/24-03:31:42.748305 7f8ceab1f0 [db/column_family.cc:475] --------------- Options for column family [default]:
2018/11/24-03:31:42.748313 7f8ceab1f0               Options.comparator: leveldb.BytewiseComparator
2018/11/24-03:31:42.748317 7f8ceab1f0           Options.merge_operator: None
2018/11/24-03:31:42.748321 7f8ceab1f0        Options.compaction_filter: None
2018/11/24-03:31:42.748324 7f8ceab1f0        Options.compaction_filter_factory: None
2018/11/24-03:31:42.748327 7f8ceab1f0         Options.memtable_factory: SkipListFactory
2018/11/24-03:31:42.748330 7f8ceab1f0            Options.table_factory: BlockBasedTable
2018/11/24-03:31:42.748378 7f8ceab1f0            table_factory options:   flush_block_policy_factory: FlushBlockBySizePolicyFactory (0x7f58377410)
  cache_index_and_filter_blocks: 0
  cache_index_and_filter_blocks_with_high_priority: 0
  pin_l0_filter_and_index_blocks_in_cache: 0
  index_type: 0
  hash_index_allow_collision: 1
  checksum: 1
  no_block_cache: 0
  block_cache: 0x7f583835a0
  block_cache_name: LRUCache
  block_cache_options:
    capacity : 8388608
    num_shard_bits : 4
    strict_capacity_limit : 0
    high_pri_pool_ratio: 0.000
  block_cache_compressed: (nil)
  persistent_cache: (nil)
  block_size: 8192
  block_size_deviation: 10
  block_restart_interval: 16
  index_block_restart_interval: 1
  metadata_block_size: 4096
  partition_filters: 0
  use_delta_encoding: 1
  filter_policy: nullptr
  whole_key_filtering: 1
  verify_compression: 0
  read_amp_bytes_per_bit: 0
  format_version: 2
  enable_index_compression: 1
  block_align: 0
2018/11/24-03:31:42.748413 7f8ceab1f0        Options.write_buffer_size: 134217728
2018/11/24-03:31:42.748418 7f8ceab1f0  Options.max_write_buffer_number: 24
2018/11/24-03:31:42.748422 7f8ceab1f0        Options.compression[0]: NoCompression
2018/11/24-03:31:42.748425 7f8ceab1f0        Options.compression[1]: NoCompression
2018/11/24-03:31:42.748429 7f8ceab1f0        Options.compression[2]: LZ4
2018/11/24-03:31:42.748431 7f8ceab1f0        Options.compression[3]: LZ4
2018/11/24-03:31:42.748435 7f8ceab1f0        Options.compression[4]: LZ4
2018/11/24-03:31:42.748438 7f8ceab1f0        Options.compression[5]: LZ4
2018/11/24-03:31:42.748441 7f8ceab1f0        Options.compression[6]: LZ4
2018/11/24-03:31:42.748443 7f8ceab1f0                  Options.bottommost_compression: Disabled
2018/11/24-03:31:42.748447 7f8ceab1f0       Options.prefix_extractor: nullptr
2018/11/24-03:31:42.748450 7f8ceab1f0   Options.memtable_insert_with_hint_prefix_extractor: nullptr
2018/11/24-03:31:42.748453 7f8ceab1f0             Options.num_levels: 7
2018/11/24-03:31:42.748456 7f8ceab1f0        Options.min_write_buffer_number_to_merge: 2
2018/11/24-03:31:42.748459 7f8ceab1f0     Options.max_write_buffer_number_to_maintain: 0
2018/11/24-03:31:42.748462 7f8ceab1f0            Options.compression_opts.window_bits: -14
2018/11/24-03:31:42.748464 7f8ceab1f0                  Options.compression_opts.level: -1
2018/11/24-03:31:42.748468 7f8ceab1f0               Options.compression_opts.strategy: 0
2018/11/24-03:31:42.748471 7f8ceab1f0         Options.compression_opts.max_dict_bytes: 0
2018/11/24-03:31:42.748473 7f8ceab1f0         Options.compression_opts.zstd_max_train_bytes: 0
2018/11/24-03:31:42.748477 7f8ceab1f0      Options.level0_file_num_compaction_trigger: 2
2018/11/24-03:31:42.748480 7f8ceab1f0          Options.level0_slowdown_writes_trigger: 20
2018/11/24-03:31:42.748483 7f8ceab1f0              Options.level0_stop_writes_trigger: 36
2018/11/24-03:31:42.748485 7f8ceab1f0                   Options.target_file_size_base: 67108864
2018/11/24-03:31:42.748488 7f8ceab1f0             Options.target_file_size_multiplier: 1
2018/11/24-03:31:42.748491 7f8ceab1f0                Options.max_bytes_for_level_base: 536870912
2018/11/24-03:31:42.748494 7f8ceab1f0 Options.level_compaction_dynamic_level_bytes: 0
2018/11/24-03:31:42.748497 7f8ceab1f0          Options.max_bytes_for_level_multiplier: 10.000000
2018/11/24-03:31:42.748504 7f8ceab1f0 Options.max_bytes_for_level_multiplier_addtl[0]: 1
2018/11/24-03:31:42.748507 7f8ceab1f0 Options.max_bytes_for_level_multiplier_addtl[1]: 1
2018/11/24-03:31:42.748511 7f8ceab1f0 Options.max_bytes_for_level_multiplier_addtl[2]: 1
2018/11/24-03:31:42.748513 7f8ceab1f0 Options.max_bytes_for_level_multiplier_addtl[3]: 1
2018/11/24-03:31:42.748516 7f8ceab1f0 Options.max_bytes_for_level_multiplier_addtl[4]: 1
2018/11/24-03:31:42.748519 7f8ceab1f0 Options.max_bytes_for_level_multiplier_addtl[5]: 1
2018/11/24-03:31:42.748522 7f8ceab1f0 Options.max_bytes_for_level_multiplier_addtl[6]: 1
2018/11/24-03:31:42.748525 7f8ceab1f0       Options.max_sequential_skip_in_iterations: 8
2018/11/24-03:31:42.748528 7f8ceab1f0                    Options.max_compaction_bytes: 1677721600
2018/11/24-03:31:42.748531 7f8ceab1f0                        Options.arena_block_size: 16777216
2018/11/24-03:31:42.748534 7f8ceab1f0   Options.soft_pending_compaction_bytes_limit: 68719476736
2018/11/24-03:31:42.748537 7f8ceab1f0   Options.hard_pending_compaction_bytes_limit: 274877906944
2018/11/24-03:31:42.748554 7f8ceab1f0       Options.rate_limit_delay_max_milliseconds: 100
2018/11/24-03:31:42.748558 7f8ceab1f0                Options.disable_auto_compactions: 0
2018/11/24-03:31:42.748564 7f8ceab1f0                        Options.compaction_style: kCompactionStyleLevel
2018/11/24-03:31:42.748569 7f8ceab1f0                          Options.compaction_pri: kByCompensatedSize
2018/11/24-03:31:42.748572 7f8ceab1f0 Options.compaction_options_universal.size_ratio: 1
2018/11/24-03:31:42.748575 7f8ceab1f0 Options.compaction_options_universal.min_merge_width: 2
2018/11/24-03:31:42.748578 7f8ceab1f0 Options.compaction_options_universal.max_merge_width: 4294967295
2018/11/24-03:31:42.748581 7f8ceab1f0 Options.compaction_options_universal.max_size_amplification_percent: 200
2018/11/24-03:31:42.748584 7f8ceab1f0 Options.compaction_options_universal.compression_size_percent: -1
2018/11/24-03:31:42.748588 7f8ceab1f0 Options.compaction_options_universal.stop_style: kCompactionStopStyleTotalSize
2018/11/24-03:31:42.748592 7f8ceab1f0 Options.compaction_options_fifo.max_table_files_size: 1073741824
2018/11/24-03:31:42.748595 7f8ceab1f0 Options.compaction_options_fifo.allow_compaction: 0
2018/11/24-03:31:42.748598 7f8ceab1f0 Options.compaction_options_fifo.ttl: 0
2018/11/24-03:31:42.748601 7f8ceab1f0                   Options.table_properties_collectors: 
2018/11/24-03:31:42.748604 7f8ceab1f0                   Options.inplace_update_support: 0
2018/11/24-03:31:42.748607 7f8ceab1f0                 Options.inplace_update_num_locks: 10000
2018/11/24-03:31:42.748610 7f8ceab1f0               Options.memtable_prefix_bloom_size_ratio: 0.000000
2018/11/24-03:31:42.748614 7f8ceab1f0   Options.memtable_huge_page_size: 0
2018/11/24-03:31:42.748618 7f8ceab1f0                           Options.bloom_locality: 0
2018/11/24-03:31:42.748620 7f8ceab1f0                    Options.max_successive_merges: 0
2018/11/24-03:31:42.748623 7f8ceab1f0                Options.optimize_filters_for_hits: 0
2018/11/24-03:31:42.748626 7f8ceab1f0                Options.paranoid_file_checks: 0
2018/11/24-03:31:42.748629 7f8ceab1f0                Options.force_consistency_checks: 0
2018/11/24-03:31:42.748632 7f8ceab1f0                Options.report_bg_io_stats: 0
2018/11/24-03:31:42.748635 7f8ceab1f0                               Options.ttl: 0
2018/11/24-03:31:42.749349 7f8ceab1f0 [db/column_family.cc:475] --------------- Options for column family [usertable]:
2018/11/24-03:31:42.749361 7f8ceab1f0               Options.comparator: leveldb.BytewiseComparator
2018/11/24-03:31:42.749365 7f8ceab1f0           Options.merge_operator: None
2018/11/24-03:31:42.749368 7f8ceab1f0        Options.compaction_filter: None
2018/11/24-03:31:42.749371 7f8ceab1f0        Options.compaction_filter_factory: None
2018/11/24-03:31:42.749374 7f8ceab1f0         Options.memtable_factory: SkipListFactory
2018/11/24-03:31:42.749377 7f8ceab1f0            Options.table_factory: BlockBasedTable
2018/11/24-03:31:42.749425 7f8ceab1f0            table_factory options:   flush_block_policy_factory: FlushBlockBySizePolicyFactory (0x7f58378440)
  cache_index_and_filter_blocks: 0
  cache_index_and_filter_blocks_with_high_priority: 0
  pin_l0_filter_and_index_blocks_in_cache: 0
  index_type: 0
  hash_index_allow_collision: 1
  checksum: 1
  no_block_cache: 0
  block_cache: 0x7f583851f0
  block_cache_name: LRUCache
  block_cache_options:
    capacity : 8388608
    num_shard_bits : 4
    strict_capacity_limit : 0
    high_pri_pool_ratio: 0.000
  block_cache_compressed: (nil)
  persistent_cache: (nil)
  block_size: 8192
  block_size_deviation: 10
  block_restart_interval: 16
  index_block_restart_interval: 1
  metadata_block_size: 4096
  partition_filters: 0
  use_delta_encoding: 1
  filter_policy: nullptr
  whole_key_filtering: 1
  verify_compression: 0
  read_amp_bytes_per_bit: 0
  format_version: 2
  enable_index_compression: 1
  block_align: 0
2018/11/24-03:31:42.749431 7f8ceab1f0        Options.write_buffer_size: 134217728
2018/11/24-03:31:42.749435 7f8ceab1f0  Options.max_write_buffer_number: 24
2018/11/24-03:31:42.749462 7f8ceab1f0        Options.compression[0]: NoCompression
2018/11/24-03:31:42.749467 7f8ceab1f0        Options.compression[1]: NoCompression
2018/11/24-03:31:42.749470 7f8ceab1f0        Options.compression[2]: LZ4
2018/11/24-03:31:42.749473 7f8ceab1f0        Options.compression[3]: LZ4
2018/11/24-03:31:42.749476 7f8ceab1f0        Options.compression[4]: LZ4
2018/11/24-03:31:42.749479 7f8ceab1f0        Options.compression[5]: LZ4
2018/11/24-03:31:42.749482 7f8ceab1f0        Options.compression[6]: LZ4
2018/11/24-03:31:42.749485 7f8ceab1f0                  Options.bottommost_compression: Disabled
2018/11/24-03:31:42.749488 7f8ceab1f0       Options.prefix_extractor: nullptr
2018/11/24-03:31:42.749491 7f8ceab1f0   Options.memtable_insert_with_hint_prefix_extractor: nullptr
2018/11/24-03:31:42.749494 7f8ceab1f0             Options.num_levels: 7
2018/11/24-03:31:42.749497 7f8ceab1f0        Options.min_write_buffer_number_to_merge: 2
2018/11/24-03:31:42.749500 7f8ceab1f0     Options.max_write_buffer_number_to_maintain: 0
2018/11/24-03:31:42.749503 7f8ceab1f0            Options.compression_opts.window_bits: -14
2018/11/24-03:31:42.749506 7f8ceab1f0                  Options.compression_opts.level: -1
2018/11/24-03:31:42.749509 7f8ceab1f0               Options.compression_opts.strategy: 0
2018/11/24-03:31:42.749512 7f8ceab1f0         Options.compression_opts.max_dict_bytes: 0
2018/11/24-03:31:42.749514 7f8ceab1f0         Options.compression_opts.zstd_max_train_bytes: 0
2018/11/24-03:31:42.749517 7f8ceab1f0      Options.level0_file_num_compaction_trigger: 2
2018/11/24-03:31:42.749520 7f8ceab1f0          Options.level0_slowdown_writes_trigger: 20
2018/11/24-03:31:42.749523 7f8ceab1f0              Options.level0_stop_writes_trigger: 36
2018/11/24-03:31:42.749526 7f8ceab1f0                   Options.target_file_size_base: 67108864
2018/11/24-03:31:42.749528 7f8ceab1f0             Options.target_file_size_multiplier: 1
2018/11/24-03:31:42.749531 7f8ceab1f0                Options.max_bytes_for_level_base: 536870912
2018/11/24-03:31:42.749534 7f8ceab1f0 Options.level_compaction_dynamic_level_bytes: 0
2018/11/24-03:31:42.749537 7f8ceab1f0          Options.max_bytes_for_level_multiplier: 10.000000
2018/11/24-03:31:42.749542 7f8ceab1f0 Options.max_bytes_for_level_multiplier_addtl[0]: 1
2018/11/24-03:31:42.749545 7f8ceab1f0 Options.max_bytes_for_level_multiplier_addtl[1]: 1
2018/11/24-03:31:42.749548 7f8ceab1f0 Options.max_bytes_for_level_multiplier_addtl[2]: 1
2018/11/24-03:31:42.749551 7f8ceab1f0 Options.max_bytes_for_level_multiplier_addtl[3]: 1
2018/11/24-03:31:42.749554 7f8ceab1f0 Options.max_bytes_for_level_multiplier_addtl[4]: 1
2018/11/24-03:31:42.749557 7f8ceab1f0 Options.max_bytes_for_level_multiplier_addtl[5]: 1
2018/11/24-03:31:42.749560 7f8ceab1f0 Options.max_bytes_for_level_multiplier_addtl[6]: 1
2018/11/24-03:31:42.749563 7f8ceab1f0       Options.max_sequential_skip_in_iterations: 8
2018/11/24-03:31:42.749566 7f8ceab1f0                    Options.max_compaction_bytes: 1677721600
2018/11/24-03:31:42.749569 7f8ceab1f0                        Options.arena_block_size: 16777216
2018/11/24-03:31:42.749572 7f8ceab1f0   Options.soft_pending_compaction_bytes_limit: 68719476736
2018/11/24-03:31:42.749575 7f8ceab1f0   Options.hard_pending_compaction_bytes_limit: 274877906944
2018/11/24-03:31:42.749578 7f8ceab1f0       Options.rate_limit_delay_max_milliseconds: 100
2018/11/24-03:31:42.749581 7f8ceab1f0                Options.disable_auto_compactions: 0
2018/11/24-03:31:42.749584 7f8ceab1f0                        Options.compaction_style: kCompactionStyleLevel
2018/11/24-03:31:42.749588 7f8ceab1f0                          Options.compaction_pri: kByCompensatedSize
2018/11/24-03:31:42.749591 7f8ceab1f0 Options.compaction_options_universal.size_ratio: 1
2018/11/24-03:31:42.749594 7f8ceab1f0 Options.compaction_options_universal.min_merge_width: 2
2018/11/24-03:31:42.749598 7f8ceab1f0 Options.compaction_options_universal.max_merge_width: 4294967295
2018/11/24-03:31:42.749614 7f8ceab1f0 Options.compaction_options_universal.max_size_amplification_percent: 200
2018/11/24-03:31:42.749619 7f8ceab1f0 Options.compaction_options_universal.compression_size_percent: -1
2018/11/24-03:31:42.749623 7f8ceab1f0 Options.compaction_options_universal.stop_style: kCompactionStopStyleTotalSize
2018/11/24-03:31:42.749626 7f8ceab1f0 Options.compaction_options_fifo.max_table_files_size: 1073741824
2018/11/24-03:31:42.749629 7f8ceab1f0 Options.compaction_options_fifo.allow_compaction: 0
2018/11/24-03:31:42.749632 7f8ceab1f0 Options.compaction_options_fifo.ttl: 0
2018/11/24-03:31:42.749635 7f8ceab1f0                   Options.table_properties_collectors: 
2018/11/24-03:31:42.749638 7f8ceab1f0                   Options.inplace_update_support: 0
2018/11/24-03:31:42.749641 7f8ceab1f0                 Options.inplace_update_num_locks: 10000
2018/11/24-03:31:42.749644 7f8ceab1f0               Options.memtable_prefix_bloom_size_ratio: 0.000000
2018/11/24-03:31:42.749648 7f8ceab1f0   Options.memtable_huge_page_size: 0
2018/11/24-03:31:42.749651 7f8ceab1f0                           Options.bloom_locality: 0
2018/11/24-03:31:42.749654 7f8ceab1f0                    Options.max_successive_merges: 0
2018/11/24-03:31:42.749656 7f8ceab1f0                Options.optimize_filters_for_hits: 0
2018/11/24-03:31:42.749659 7f8ceab1f0                Options.paranoid_file_checks: 0
2018/11/24-03:31:42.749662 7f8ceab1f0                Options.force_consistency_checks: 0
2018/11/24-03:31:42.749665 7f8ceab1f0                Options.report_bg_io_stats: 0
2018/11/24-03:31:42.749668 7f8ceab1f0                               Options.ttl: 0
2018/11/24-03:31:43.229564 7f8ceab1f0 [db/version_set.cc:3361] Recovered from manifest file:/mnt/sda/ycsb-rocksdb-data/MANIFEST-000004 succeeded,manifest_file_number is 4, next_file_number is 1190, last_sequence is 10440734, log_number is 0,prev_log_number is 0,max_column_family is 1,min_log_number_to_keep is 0
2018/11/24-03:31:43.229596 7f8ceab1f0 [db/version_set.cc:3369] Column family [default] (ID 0), log number is 0
2018/11/24-03:31:43.229601 7f8ceab1f0 [db/version_set.cc:3369] Column family [usertable] (ID 1), log number is 1182
2018/11/24-03:31:43.233708 7f8ceab1f0 EVENT_LOG_v1 {"time_micros": 1543030303233684, "job": 1, "event": "recovery_started", "log_files": [1182, 1188]}
2018/11/24-03:31:43.233743 7f8ceab1f0 [db/db_impl_open.cc:551] Recovering log #1182 mode 2
2018/11/24-03:31:43.826805 7f8ceab1f0 [db/db_impl_open.cc:551] Recovering log #1188 mode 2
2018/11/24-03:31:44.513712 7f8ceab1f0 EVENT_LOG_v1 {"time_micros": 1543030304513662, "cf_name": "usertable", "job": 1, "event": "table_file_creation", "file_number": 1190, "file_size": 129895355, "table_properties": {"data_size": 129317909, "index_size": 576524, "filter_size": 0, "raw_key_size": 752760, "raw_average_key_size": 24, "raw_value_size": 128471040, "raw_average_value_size": 4096, "num_data_blocks": 15683, "num_entries": 31365, "filter_policy_name": "", "kDeletedKeys": "0", "kMergeOperands": "0"}}
2018/11/24-03:31:44.681477 7f8ceab1f0 [db/version_set.cc:2847] Creating manifest 1191
2018/11/24-03:31:44.945781 7f8ceab1f0 EVENT_LOG_v1 {"time_micros": 1543030304945739, "cf_name": "usertable", "job": 1, "event": "table_file_creation", "file_number": 1192, "file_size": 33845903, "table_properties": {"data_size": 33694064, "index_size": 150918, "filter_size": 0, "raw_key_size": 196128, "raw_average_key_size": 24, "raw_value_size": 33472512, "raw_average_value_size": 4096, "num_data_blocks": 4086, "num_entries": 8172, "filter_policy_name": "", "kDeletedKeys": "0", "kMergeOperands": "0"}}
2018/11/24-03:31:44.979943 7f8ceab1f0 EVENT_LOG_v1 {"time_micros": 1543030304979926, "job": 1, "event": "recovery_finished"}
2018/11/24-03:31:45.080265 7f8ceab1f0 [db/db_impl_open.cc:1219] DB pointer 0x7f583d1ec0
2018/11/24-03:31:45.081760 7f477fe1f0 [WARN] [db/db_impl.cc:491] ------- DUMPING STATS -------
2018/11/24-03:31:45.081958 7f477fe1f0 [WARN] [db/db_impl.cc:492] 
** DB Stats **
Uptime(secs): 2.3 total, 2.3 interval
Cumulative writes: 0 writes, 0 keys, 0 commit groups, 0.0 writes per commit group, ingest: 0.00 GB, 0.00 MB/s
Cumulative WAL: 0 writes, 0 syncs, 0.00 writes per sync, written: 0.00 GB, 0.00 MB/s
Cumulative stall: 00:00:0.000 H:M:S, 0.0 percent
Interval writes: 0 writes, 0 keys, 0 commit groups, 0.0 writes per commit group, ingest: 0.00 MB, 0.00 MB/s
Interval WAL: 0 writes, 0 syncs, 0.00 writes per sync, written: 0.00 MB, 0.00 MB/s
Interval stall: 00:00:0.000 H:M:S, 0.0 percent

** Compaction Stats [default] **
Level    Files   Size     Score Read(GB)  Rn(GB) Rnp1(GB) Write(GB) Wnew(GB) Moved(GB) W-Amp Rd(MB/s) Wr(MB/s) Comp(sec) Comp(cnt) Avg(sec) KeyIn KeyDrop
----------------------------------------------------------------------------------------------------------------------------------------------------------
 Sum      0/0    0.00 KB   0.0      0.0     0.0      0.0       0.0      0.0       0.0   0.0      0.0      0.0         0         0    0.000       0      0
 Int      0/0    0.00 KB   0.0      0.0     0.0      0.0       0.0      0.0       0.0   0.0      0.0      0.0         0         0    0.000       0      0
Uptime(secs): 2.3 total, 2.3 interval
Flush(GB): cumulative 0.000, interval 0.000
AddFile(GB): cumulative 0.000, interval 0.000
AddFile(Total Files): cumulative 0, interval 0
AddFile(L0 Files): cumulative 0, interval 0
AddFile(Keys): cumulative 0, interval 0
Cumulative compaction: 0.00 GB write, 0.00 MB/s write, 0.00 GB read, 0.00 MB/s read, 0.0 seconds
Interval compaction: 0.00 GB write, 0.00 MB/s write, 0.00 GB read, 0.00 MB/s read, 0.0 seconds
Stalls(count): 0 level0_slowdown, 0 level0_slowdown_with_compaction, 0 level0_numfiles, 0 level0_numfiles_with_compaction, 0 stop for pending_compaction_bytes, 0 slowdown for pending_compaction_bytes, 0 memtable_compaction, 0 memtable_slowdown, interval 0 total count

** File Read Latency Histogram By Level [default] **

** Compaction Stats [usertable] **
Level    Files   Size     Score Read(GB)  Rn(GB) Rnp1(GB) Write(GB) Wnew(GB) Moved(GB) W-Amp Rd(MB/s) Wr(MB/s) Comp(sec) Comp(cnt) Avg(sec) KeyIn KeyDrop
----------------------------------------------------------------------------------------------------------------------------------------------------------
  L0      3/0   391.25 MB   1.5      0.0     0.0      0.0       0.2      0.2       0.0   1.0      0.0    177.2         1         2    0.441       0      0
  L1      2/0   475.36 MB   0.9      0.0     0.0      0.0       0.0      0.0       0.0   0.0      0.0      0.0         0         0    0.000       0      0
  L2    107/0    4.96 GB   1.0      0.0     0.0      0.0       0.0      0.0       0.0   0.0      0.0      0.0         0         0    0.000       0      0
  L3    561/0   34.37 GB   0.7      0.0     0.0      0.0       0.0      0.0       0.0   0.0      0.0      0.0         0         0    0.000       0      0
 Sum    673/0   40.18 GB   0.0      0.0     0.0      0.0       0.2      0.2       0.0   1.0      0.0    177.2         1         2    0.441       0      0
 Int      0/0    0.00 KB   0.0      0.0     0.0      0.0       0.2      0.2       0.0   1.0      0.0    177.2         1         2    0.441       0      0
Uptime(secs): 2.3 total, 2.3 interval
Flush(GB): cumulative 0.152, interval 0.152
AddFile(GB): cumulative 0.000, interval 0.000
AddFile(Total Files): cumulative 0, interval 0
AddFile(L0 Files): cumulative 0, interval 0
AddFile(Keys): cumulative 0, interval 0
Cumulative compaction: 0.15 GB write, 66.96 MB/s write, 0.00 GB read, 0.00 MB/s read, 0.9 seconds
Interval compaction: 0.15 GB write, 66.96 MB/s write, 0.00 GB read, 0.00 MB/s read, 0.9 seconds
Stalls(count): 0 level0_slowdown, 0 level0_slowdown_with_compaction, 0 level0_numfiles, 0 level0_numfiles_with_compaction, 0 stop for pending_compaction_bytes, 0 slowdown for pending_compaction_bytes, 0 memtable_compaction, 0 memtable_slowdown, interval 0 total count

** File Read Latency Histogram By Level [usertable] **

** Compaction Stats [default] **
Level    Files   Size     Score Read(GB)  Rn(GB) Rnp1(GB) Write(GB) Wnew(GB) Moved(GB) W-Amp Rd(MB/s) Wr(MB/s) Comp(sec) Comp(cnt) Avg(sec) KeyIn KeyDrop
----------------------------------------------------------------------------------------------------------------------------------------------------------
 Sum      0/0    0.00 KB   0.0      0.0     0.0      0.0       0.0      0.0       0.0   0.0      0.0      0.0         0         0    0.000       0      0
 Int      0/0    0.00 KB   0.0      0.0     0.0      0.0       0.0      0.0       0.0   0.0      0.0      0.0         0         0    0.000       0      0
Uptime(secs): 2.3 total, 0.0 interval
Flush(GB): cumulative 0.000, interval 0.000
AddFile(GB): cumulative 0.000, interval 0.000
AddFile(Total Files): cumulative 0, interval 0
AddFile(L0 Files): cumulative 0, interval 0
AddFile(Keys): cumulative 0, interval 0
Cumulative compaction: 0.00 GB write, 0.00 MB/s write, 0.00 GB read, 0.00 MB/s read, 0.0 seconds
Interval compaction: 0.00 GB write, 0.00 MB/s write, 0.00 GB read, 0.00 MB/s read, 0.0 seconds
Stalls(count): 0 level0_slowdown, 0 level0_slowdown_with_compaction, 0 level0_numfiles, 0 level0_numfiles_with_compaction, 0 stop for pending_compaction_bytes, 0 slowdown for pending_compaction_bytes, 0 memtable_compaction, 0 memtable_slowdown, interval 0 total count

** File Read Latency Histogram By Level [default] **

** Compaction Stats [usertable] **
Level    Files   Size     Score Read(GB)  Rn(GB) Rnp1(GB) Write(GB) Wnew(GB) Moved(GB) W-Amp Rd(MB/s) Wr(MB/s) Comp(sec) Comp(cnt) Avg(sec) KeyIn KeyDrop
----------------------------------------------------------------------------------------------------------------------------------------------------------
  L0      3/0   391.25 MB   1.5      0.0     0.0      0.0       0.2      0.2       0.0   1.0      0.0    177.2         1         2    0.441       0      0
  L1      2/0   475.36 MB   0.9      0.0     0.0      0.0       0.0      0.0       0.0   0.0      0.0      0.0         0         0    0.000       0      0
  L2    107/0    4.96 GB   1.0      0.0     0.0      0.0       0.0      0.0       0.0   0.0      0.0      0.0         0         0    0.000       0      0
  L3    561/0   34.37 GB   0.7      0.0     0.0      0.0       0.0      0.0       0.0   0.0      0.0      0.0         0         0    0.000       0      0
 Sum    673/0   40.18 GB   0.0      0.0     0.0      0.0       0.2      0.2       0.0   1.0      0.0    177.2         1         2    0.441       0      0
 Int      0/0    0.00 KB   0.0      0.0     0.0      0.0       0.0      0.0       0.0   0.0      0.0      0.0         0         0    0.000       0      0
Uptime(secs): 2.3 total, 0.0 interval
Flush(GB): cumulative 0.152, interval 0.000
AddFile(GB): cumulative 0.000, interval 0.000
AddFile(Total Files): cumulative 0, interval 0
AddFile(L0 Files): cumulative 0, interval 0
AddFile(Keys): cumulative 0, interval 0
Cumulative compaction: 0.15 GB write, 66.95 MB/s write, 0.00 GB read, 0.00 MB/s read, 0.9 seconds
Interval compaction: 0.00 GB write, 0.00 MB/s write, 0.00 GB read, 0.00 MB/s read, 0.0 seconds
Stalls(count): 0 level0_slowdown, 0 level0_slowdown_with_compaction, 0 level0_numfiles, 0 level0_numfiles_with_compaction, 0 stop for pending_compaction_bytes, 0 slowdown for pending_compaction_bytes, 0 memtable_compaction, 0 memtable_slowdown, interval 0 total count

** File Read Latency Histogram By Level [usertable] **
2018/11/24-03:31:45.364335 7f477fe1f0 (Original Log Time 2018/11/24-03:31:45.082939) [db/db_impl_compaction_flush.cc:1835] [usertable] Moving #952 to level-1 246509355 bytes
2018/11/24-03:31:45.364367 7f477fe1f0 (Original Log Time 2018/11/24-03:31:45.363852) EVENT_LOG_v1 {"time_micros": 1543030305363823, "job": 3, "event": "trivial_move", "destination_level": 1, "files": 1, "total_files_size": 246509355}
2018/11/24-03:31:45.364381 7f477fe1f0 (Original Log Time 2018/11/24-03:31:45.363905) [db/db_impl_compaction_flush.cc:1864] [usertable] Moved #1 files to level-1 246509355 bytes OK: base level 1 max bytes base 536870912 files[2 3 107 561 0 0 0] max score 1.39
2018/11/24-03:31:45.365127 7f477fe1f0 [db/compaction_job.cc:1531] [usertable] [JOB 4] Compacting 1@1 files to L2, score 1.39
2018/11/24-03:31:45.365192 7f477fe1f0 [db/compaction_job.cc:1535] [usertable] Compaction start summary: Base version 6 Base level 1, inputs: [454(237MB)]
2018/11/24-03:31:45.365300 7f477fe1f0 EVENT_LOG_v1 {"time_micros": 1543030305365238, "job": 4, "event": "compaction_started", "compaction_reason": "LevelMaxLevelSize", "files_L1": [454], "score": 1.38761, "input_data_size": 249300803}
2018/11/24-03:31:47.557343 7f477fe1f0 [db/compaction_job.cc:1211] [usertable] [JOB 4] Generated table #1196: 16279 keys, 67233549 bytes
2018/11/24-03:31:47.557502 7f477fe1f0 EVENT_LOG_v1 {"time_micros": 1543030307557444, "cf_name": "usertable", "job": 4, "event": "table_file_creation", "file_number": 1196, "file_size": 67233549, "table_properties": {"data_size": 67120140, "index_size": 300916, "filter_size": 0, "raw_key_size": 390696, "raw_average_key_size": 24, "raw_value_size": 66678784, "raw_average_value_size": 4096, "num_data_blocks": 8140, "num_entries": 16279, "filter_policy_name": "", "kDeletedKeys": "0", "kMergeOperands": "0"}}
2018/11/24-03:31:48.852980 7f477fe1f0 [db/compaction_job.cc:1211] [usertable] [JOB 4] Generated table #1197: 16279 keys, 67233368 bytes
2018/11/24-03:31:48.853113 7f477fe1f0 EVENT_LOG_v1 {"time_micros": 1543030308853081, "cf_name": "usertable", "job": 4, "event": "table_file_creation", "file_number": 1197, "file_size": 67233368, "table_properties": {"data_size": 67118331, "index_size": 299105, "filter_size": 0, "raw_key_size": 390696, "raw_average_key_size": 24, "raw_value_size": 66678784, "raw_average_value_size": 4096, "num_data_blocks": 8140, "num_entries": 16279, "filter_policy_name": "", "kDeletedKeys": "0", "kMergeOperands": "0"}}
2018/11/24-03:31:50.030080 7f477fe1f0 [db/compaction_job.cc:1211] [usertable] [JOB 4] Generated table #1198: 16279 keys, 67233546 bytes
2018/11/24-03:31:50.030169 7f477fe1f0 EVENT_LOG_v1 {"time_micros": 1543030310030140, "cf_name": "usertable", "job": 4, "event": "table_file_creation", "file_number": 1198, "file_size": 67233546, "table_properties": {"data_size": 67120139, "index_size": 300916, "filter_size": 0, "raw_key_size": 390696, "raw_average_key_size": 24, "raw_value_size": 66678784, "raw_average_value_size": 4096, "num_data_blocks": 8140, "num_entries": 16279, "filter_policy_name": "", "kDeletedKeys": "0", "kMergeOperands": "0"}}
2018/11/24-03:31:51.681323 7f477fe1f0 [db/compaction_job.cc:1211] [usertable] [JOB 4] Generated table #1199: 11357 keys, 46905472 bytes
2018/11/24-03:31:51.681473 7f477fe1f0 EVENT_LOG_v1 {"time_micros": 1543030311681418, "cf_name": "usertable", "job": 4, "event": "table_file_creation", "file_number": 1199, "file_size": 46905472, "table_properties": {"data_size": 46824925, "index_size": 208599, "filter_size": 0, "raw_key_size": 272568, "raw_average_key_size": 24, "raw_value_size": 46518272, "raw_average_value_size": 4096, "num_data_blocks": 5679, "num_entries": 11357, "filter_policy_name": "", "kDeletedKeys": "0", "kMergeOperands": "0"}}
2018/11/24-03:31:51.681716 7f477fe1f0 [db/compaction_job.cc:1287] [usertable] [JOB 4] Compacted 1@1 files to L2 => 248605935 bytes
2018/11/24-03:31:51.940845 7f477fe1f0 (Original Log Time 2018/11/24-03:31:51.940323) [db/compaction_job.cc:685] [usertable] compacted to: base level 1 max bytes base 536870912 files[2 2 111 561 0 0 0] max score 1.04, MB/sec: 39.5 rd, 39.4 wr, level 2, files in(1, 0) out(4) MB in(237.8, 0.0) out(237.1), read-write-amplify(2.0) write-amplify(1.0) OK, records in: 60194, records dropped: 0 output_compression: LZ4
2018/11/24-03:31:51.940886 7f477fe1f0 (Original Log Time 2018/11/24-03:31:51.940455) EVENT_LOG_v1 {"time_micros": 1543030311940397, "job": 4, "event": "compaction_finished", "compaction_time_micros": 6316222, "output_level": 2, "num_output_files": 4, "total_output_size": 248605935, "num_input_records": 60194, "num_output_records": 60194, "num_subcompactions": 1, "output_compression": "LZ4", "num_single_delete_mismatches": 0, "num_single_delete_fallthrough": 0, "lsm_state": [2, 2, 111, 561, 0, 0, 0]}
2018/11/24-03:31:52.210981 7f477fe1f0 (Original Log Time 2018/11/24-03:31:51.942304) [db/db_impl_compaction_flush.cc:1835] [usertable] Moving #1196 to level-3 67233549 bytes
2018/11/24-03:31:52.211055 7f477fe1f0 (Original Log Time 2018/11/24-03:31:52.210647) EVENT_LOG_v1 {"time_micros": 1543030312210622, "job": 5, "event": "trivial_move", "destination_level": 3, "files": 1, "total_files_size": 67233549}
2018/11/24-03:31:52.211067 7f477fe1f0 (Original Log Time 2018/11/24-03:31:52.210689) [db/db_impl_compaction_flush.cc:1864] [usertable] Moved #1 files to level-3 67233549 bytes OK: base level 1 max bytes base 536870912 files[2 2 110 562 0 0 0] max score 1.03
2018/11/24-03:31:52.329275 7f477fe1f0 EVENT_LOG_v1 {"time_micros": 1543030312329254, "job": 5, "event": "table_file_deletion", "file_number": 454}
2018/11/24-03:31:52.574145 7f45ffb1f0 (Original Log Time 2018/11/24-03:31:52.330202) [db/db_impl_compaction_flush.cc:1835] [usertable] Moving #1198 to level-3 67233546 bytes
2018/11/24-03:31:52.574165 7f45ffb1f0 (Original Log Time 2018/11/24-03:31:52.573826) EVENT_LOG_v1 {"time_micros": 1543030312573806, "job": 6, "event": "trivial_move", "destination_level": 3, "files": 1, "total_files_size": 67233546}
2018/11/24-03:31:52.574176 7f45ffb1f0 (Original Log Time 2018/11/24-03:31:52.573871) [db/db_impl_compaction_flush.cc:1864] [usertable] Moved #1 files to level-3 67233546 bytes OK: base level 1 max bytes base 536870912 files[2 2 109 563 0 0 0] max score 1.01
2018/11/24-03:31:52.850064 7f45ffb1f0 (Original Log Time 2018/11/24-03:31:52.575103) [db/db_impl_compaction_flush.cc:1835] [usertable] Moving #1197 to level-3 67233368 bytes
2018/11/24-03:31:52.850095 7f45ffb1f0 (Original Log Time 2018/11/24-03:31:52.849535) EVENT_LOG_v1 {"time_micros": 1543030312849510, "job": 7, "event": "trivial_move", "destination_level": 3, "files": 1, "total_files_size": 67233368}
2018/11/24-03:31:52.850106 7f45ffb1f0 (Original Log Time 2018/11/24-03:31:52.849584) [db/db_impl_compaction_flush.cc:1864] [usertable] Moved #1 files to level-3 67233368 bytes OK: base level 1 max bytes base 536870912 files[2 2 108 564 0 0 0] max score 1.00
2018/11/24-03:31:53.131930 7f45ffb1f0 (Original Log Time 2018/11/24-03:31:52.851485) [db/db_impl_compaction_flush.cc:1835] [usertable] Moving #1013 to level-3 52196193 bytes
2018/11/24-03:31:53.131959 7f45ffb1f0 (Original Log Time 2018/11/24-03:31:53.131439) EVENT_LOG_v1 {"time_micros": 1543030313131416, "job": 8, "event": "trivial_move", "destination_level": 3, "files": 1, "total_files_size": 52196193}
2018/11/24-03:31:53.131971 7f45ffb1f0 (Original Log Time 2018/11/24-03:31:53.131489) [db/db_impl_compaction_flush.cc:1864] [usertable] Moved #1 files to level-3 52196193 bytes OK: base level 1 max bytes base 536870912 files[2 2 107 565 0 0 0] max score 1.00
2018/11/24-03:31:53.404494 7f45ffb1f0 (Original Log Time 2018/11/24-03:31:53.133061) [db/db_impl_compaction_flush.cc:1835] [usertable] Moving #1190 to level-1 129895355 bytes
