2018/12/19-07:03:59.081465 7fa884de6700 RocksDB version: 5.14.3
2018/12/19-07:03:59.081511 7fa884de6700 Git sha rocksdb_build_git_sha:
2018/12/19-07:03:59.081514 7fa884de6700 Compile date Dec 16 2018
2018/12/19-07:03:59.081518 7fa884de6700 DB SUMMARY
2018/12/19-07:03:59.081542 7fa884de6700 SST files in /mnt/sda/ycsb-rocksdb-data dir, Total Num: 0, files: 
2018/12/19-07:03:59.081544 7fa884de6700 Write Ahead Log file in /mnt/sda/ycsb-rocksdb-data: 
2018/12/19-07:03:59.081547 7fa884de6700                         Options.error_if_exists: 0
2018/12/19-07:03:59.081548 7fa884de6700                       Options.create_if_missing: 1
2018/12/19-07:03:59.081549 7fa884de6700                         Options.paranoid_checks: 1
2018/12/19-07:03:59.081550 7fa884de6700                                     Options.env: 0x7fa87e25b2c0
2018/12/19-07:03:59.081551 7fa884de6700                                Options.info_log: 0x7fa8803ccea0
2018/12/19-07:03:59.081552 7fa884de6700                Options.max_file_opening_threads: 16
2018/12/19-07:03:59.081553 7fa884de6700                              Options.statistics: (nil)
2018/12/19-07:03:59.081554 7fa884de6700                               Options.use_fsync: 0
2018/12/19-07:03:59.081555 7fa884de6700                       Options.max_log_file_size: 0
2018/12/19-07:03:59.081556 7fa884de6700                  Options.max_manifest_file_size: 18446744073709551615
2018/12/19-07:03:59.081557 7fa884de6700                   Options.log_file_time_to_roll: 0
2018/12/19-07:03:59.081558 7fa884de6700                       Options.keep_log_file_num: 1000
2018/12/19-07:03:59.081559 7fa884de6700                    Options.recycle_log_file_num: 0
2018/12/19-07:03:59.081560 7fa884de6700                         Options.allow_fallocate: 1
2018/12/19-07:03:59.081561 7fa884de6700                        Options.allow_mmap_reads: 0
2018/12/19-07:03:59.081562 7fa884de6700                       Options.allow_mmap_writes: 0
2018/12/19-07:03:59.081562 7fa884de6700                        Options.use_direct_reads: 0
2018/12/19-07:03:59.081563 7fa884de6700                        Options.use_direct_io_for_flush_and_compaction: 0
2018/12/19-07:03:59.081564 7fa884de6700          Options.create_missing_column_families: 1
2018/12/19-07:03:59.081565 7fa884de6700                              Options.db_log_dir: 
2018/12/19-07:03:59.081566 7fa884de6700                                 Options.wal_dir: /mnt/sda/ycsb-rocksdb-data
2018/12/19-07:03:59.081567 7fa884de6700                Options.table_cache_numshardbits: 6
2018/12/19-07:03:59.081568 7fa884de6700                      Options.max_subcompactions: 4
2018/12/19-07:03:59.081569 7fa884de6700                  Options.max_background_flushes: 24
2018/12/19-07:03:59.081570 7fa884de6700                         Options.WAL_ttl_seconds: 0
2018/12/19-07:03:59.081571 7fa884de6700                       Options.WAL_size_limit_MB: 0
2018/12/19-07:03:59.081572 7fa884de6700             Options.manifest_preallocation_size: 4194304
2018/12/19-07:03:59.081573 7fa884de6700                     Options.is_fd_close_on_exec: 1
2018/12/19-07:03:59.081574 7fa884de6700                   Options.advise_random_on_open: 1
2018/12/19-07:03:59.081575 7fa884de6700                    Options.db_write_buffer_size: 0
2018/12/19-07:03:59.081576 7fa884de6700                    Options.write_buffer_manager: 0x7fa8803c9ec0
2018/12/19-07:03:59.081577 7fa884de6700         Options.access_hint_on_compaction_start: 1
2018/12/19-07:03:59.081578 7fa884de6700  Options.new_table_reader_for_compaction_inputs: 0
2018/12/19-07:03:59.081579 7fa884de6700           Options.random_access_max_buffer_size: 1048576
2018/12/19-07:03:59.081580 7fa884de6700                      Options.use_adaptive_mutex: 0
2018/12/19-07:03:59.081581 7fa884de6700                            Options.rate_limiter: (nil)
2018/12/19-07:03:59.081582 7fa884de6700     Options.sst_file_manager.rate_bytes_per_sec: 0
2018/12/19-07:03:59.081583 7fa884de6700                       Options.wal_recovery_mode: 2
2018/12/19-07:03:59.081584 7fa884de6700                  Options.enable_thread_tracking: 0
2018/12/19-07:03:59.081585 7fa884de6700                  Options.enable_pipelined_write: 1
2018/12/19-07:03:59.081594 7fa884de6700         Options.allow_concurrent_memtable_write: 1
2018/12/19-07:03:59.081596 7fa884de6700      Options.enable_write_thread_adaptive_yield: 1
2018/12/19-07:03:59.081597 7fa884de6700             Options.write_thread_max_yield_usec: 100
2018/12/19-07:03:59.081598 7fa884de6700            Options.write_thread_slow_yield_usec: 3
2018/12/19-07:03:59.081599 7fa884de6700                               Options.row_cache: None
2018/12/19-07:03:59.081600 7fa884de6700                              Options.wal_filter: None
2018/12/19-07:03:59.081601 7fa884de6700             Options.avoid_flush_during_recovery: 0
2018/12/19-07:03:59.081602 7fa884de6700             Options.allow_ingest_behind: 0
2018/12/19-07:03:59.081603 7fa884de6700             Options.preserve_deletes: 0
2018/12/19-07:03:59.081604 7fa884de6700             Options.two_write_queues: 0
2018/12/19-07:03:59.081605 7fa884de6700             Options.manual_wal_flush: 0
2018/12/19-07:03:59.081606 7fa884de6700             Options.max_background_jobs: 24
2018/12/19-07:03:59.081607 7fa884de6700             Options.max_background_compactions: 24
2018/12/19-07:03:59.081608 7fa884de6700             Options.avoid_flush_during_shutdown: 0
2018/12/19-07:03:59.081609 7fa884de6700           Options.writable_file_max_buffer_size: 1048576
2018/12/19-07:03:59.081610 7fa884de6700             Options.delayed_write_rate : 16777216
2018/12/19-07:03:59.081611 7fa884de6700             Options.max_total_wal_size: 0
2018/12/19-07:03:59.081612 7fa884de6700             Options.delete_obsolete_files_period_micros: 21600000000
2018/12/19-07:03:59.081613 7fa884de6700                   Options.stats_dump_period_sec: 60
2018/12/19-07:03:59.081614 7fa884de6700                          Options.max_open_files: -1
2018/12/19-07:03:59.081615 7fa884de6700                          Options.bytes_per_sync: 1048576
2018/12/19-07:03:59.081616 7fa884de6700                      Options.wal_bytes_per_sync: 0
2018/12/19-07:03:59.081617 7fa884de6700       Options.compaction_readahead_size: 0
2018/12/19-07:03:59.081618 7fa884de6700 Compression algorithms supported:
2018/12/19-07:03:59.081620 7fa884de6700 	kZSTDNotFinalCompression supported: 1
2018/12/19-07:03:59.081627 7fa884de6700 	kZSTD supported: 1
2018/12/19-07:03:59.081628 7fa884de6700 	kXpressCompression supported: 0
2018/12/19-07:03:59.081629 7fa884de6700 	kLZ4HCCompression supported: 1
2018/12/19-07:03:59.081631 7fa884de6700 	kLZ4Compression supported: 1
2018/12/19-07:03:59.081632 7fa884de6700 	kBZip2Compression supported: 1
2018/12/19-07:03:59.081633 7fa884de6700 	kZlibCompression supported: 1
2018/12/19-07:03:59.081634 7fa884de6700 	kSnappyCompression supported: 1
2018/12/19-07:03:59.081638 7fa884de6700 Fast CRC32 supported: Supported on x86
2018/12/19-07:03:59.081699 7fa884de6700 [db/db_impl_open.cc:222] Creating manifest 1 
2018/12/19-07:03:59.182796 7fa884de6700 [db/version_set.cc:3085] Recovering from manifest file: MANIFEST-000001
2018/12/19-07:03:59.182894 7fa884de6700 [db/column_family.cc:475] --------------- Options for column family [default]:
2018/12/19-07:03:59.182899 7fa884de6700               Options.comparator: leveldb.BytewiseComparator
2018/12/19-07:03:59.182900 7fa884de6700           Options.merge_operator: None
2018/12/19-07:03:59.182901 7fa884de6700        Options.compaction_filter: None
2018/12/19-07:03:59.182903 7fa884de6700        Options.compaction_filter_factory: None
2018/12/19-07:03:59.182904 7fa884de6700         Options.memtable_factory: SkipListFactory
2018/12/19-07:03:59.182905 7fa884de6700            Options.table_factory: BlockBasedTable
2018/12/19-07:03:59.182936 7fa884de6700            table_factory options:   flush_block_policy_factory: FlushBlockBySizePolicyFactory (0x7fa88037e320)
  cache_index_and_filter_blocks: 0
  cache_index_and_filter_blocks_with_high_priority: 0
  pin_l0_filter_and_index_blocks_in_cache: 0
  index_type: 0
  hash_index_allow_collision: 1
  checksum: 1
  no_block_cache: 0
  block_cache: 0x7fa88038a4b0
  block_cache_name: LRUCache
  block_cache_options:
    capacity : 8388608
    num_shard_bits : 4
    strict_capacity_limit : 0
    high_pri_pool_ratio: 0.000
  block_cache_compressed: (nil)
  persistent_cache: (nil)
  block_size: 8192
  block_size_deviation: 10
  block_restart_interval: 16
  index_block_restart_interval: 1
  metadata_block_size: 4096
  partition_filters: 0
  use_delta_encoding: 1
  filter_policy: nullptr
  whole_key_filtering: 1
  verify_compression: 0
  read_amp_bytes_per_bit: 0
  format_version: 2
  enable_index_compression: 1
  block_align: 0
2018/12/19-07:03:59.182953 7fa884de6700        Options.write_buffer_size: 134217728
2018/12/19-07:03:59.182955 7fa884de6700  Options.max_write_buffer_number: 24
2018/12/19-07:03:59.182956 7fa884de6700        Options.compression[0]: NoCompression
2018/12/19-07:03:59.182958 7fa884de6700        Options.compression[1]: NoCompression
2018/12/19-07:03:59.182959 7fa884de6700        Options.compression[2]: LZ4
2018/12/19-07:03:59.182960 7fa884de6700        Options.compression[3]: LZ4
2018/12/19-07:03:59.182961 7fa884de6700        Options.compression[4]: LZ4
2018/12/19-07:03:59.182962 7fa884de6700        Options.compression[5]: LZ4
2018/12/19-07:03:59.182963 7fa884de6700        Options.compression[6]: LZ4
2018/12/19-07:03:59.182964 7fa884de6700                  Options.bottommost_compression: Disabled
2018/12/19-07:03:59.182965 7fa884de6700       Options.prefix_extractor: nullptr
2018/12/19-07:03:59.182966 7fa884de6700   Options.memtable_insert_with_hint_prefix_extractor: nullptr
2018/12/19-07:03:59.182967 7fa884de6700             Options.num_levels: 7
2018/12/19-07:03:59.182968 7fa884de6700        Options.min_write_buffer_number_to_merge: 2
2018/12/19-07:03:59.182969 7fa884de6700     Options.max_write_buffer_number_to_maintain: 0
2018/12/19-07:03:59.182969 7fa884de6700            Options.compression_opts.window_bits: -14
2018/12/19-07:03:59.182970 7fa884de6700                  Options.compression_opts.level: -1
2018/12/19-07:03:59.182971 7fa884de6700               Options.compression_opts.strategy: 0
2018/12/19-07:03:59.182972 7fa884de6700         Options.compression_opts.max_dict_bytes: 0
2018/12/19-07:03:59.182973 7fa884de6700         Options.compression_opts.zstd_max_train_bytes: 0
2018/12/19-07:03:59.182974 7fa884de6700      Options.level0_file_num_compaction_trigger: 2
2018/12/19-07:03:59.182975 7fa884de6700          Options.level0_slowdown_writes_trigger: 20
2018/12/19-07:03:59.182976 7fa884de6700              Options.level0_stop_writes_trigger: 36
2018/12/19-07:03:59.182977 7fa884de6700                   Options.target_file_size_base: 67108864
2018/12/19-07:03:59.182978 7fa884de6700             Options.target_file_size_multiplier: 1
2018/12/19-07:03:59.182979 7fa884de6700                Options.max_bytes_for_level_base: 536870912
2018/12/19-07:03:59.182980 7fa884de6700 Options.level_compaction_dynamic_level_bytes: 0
2018/12/19-07:03:59.182981 7fa884de6700          Options.max_bytes_for_level_multiplier: 10.000000
2018/12/19-07:03:59.182984 7fa884de6700 Options.max_bytes_for_level_multiplier_addtl[0]: 1
2018/12/19-07:03:59.182985 7fa884de6700 Options.max_bytes_for_level_multiplier_addtl[1]: 1
2018/12/19-07:03:59.182986 7fa884de6700 Options.max_bytes_for_level_multiplier_addtl[2]: 1
2018/12/19-07:03:59.182987 7fa884de6700 Options.max_bytes_for_level_multiplier_addtl[3]: 1
2018/12/19-07:03:59.182988 7fa884de6700 Options.max_bytes_for_level_multiplier_addtl[4]: 1
2018/12/19-07:03:59.182989 7fa884de6700 Options.max_bytes_for_level_multiplier_addtl[5]: 1
2018/12/19-07:03:59.182990 7fa884de6700 Options.max_bytes_for_level_multiplier_addtl[6]: 1
2018/12/19-07:03:59.182991 7fa884de6700       Options.max_sequential_skip_in_iterations: 8
2018/12/19-07:03:59.182992 7fa884de6700                    Options.max_compaction_bytes: 1677721600
2018/12/19-07:03:59.182993 7fa884de6700                        Options.arena_block_size: 16777216
2018/12/19-07:03:59.182994 7fa884de6700   Options.soft_pending_compaction_bytes_limit: 68719476736
2018/12/19-07:03:59.182995 7fa884de6700   Options.hard_pending_compaction_bytes_limit: 274877906944
2018/12/19-07:03:59.183002 7fa884de6700       Options.rate_limit_delay_max_milliseconds: 100
2018/12/19-07:03:59.183003 7fa884de6700                Options.disable_auto_compactions: 0
2018/12/19-07:03:59.183005 7fa884de6700                        Options.compaction_style: kCompactionStyleLevel
2018/12/19-07:03:59.183007 7fa884de6700                          Options.compaction_pri: kByCompensatedSize
2018/12/19-07:03:59.183008 7fa884de6700 Options.compaction_options_universal.size_ratio: 1
2018/12/19-07:03:59.183009 7fa884de6700 Options.compaction_options_universal.min_merge_width: 2
2018/12/19-07:03:59.183010 7fa884de6700 Options.compaction_options_universal.max_merge_width: 4294967295
2018/12/19-07:03:59.183011 7fa884de6700 Options.compaction_options_universal.max_size_amplification_percent: 200
2018/12/19-07:03:59.183012 7fa884de6700 Options.compaction_options_universal.compression_size_percent: -1
2018/12/19-07:03:59.183014 7fa884de6700 Options.compaction_options_universal.stop_style: kCompactionStopStyleTotalSize
2018/12/19-07:03:59.183015 7fa884de6700 Options.compaction_options_fifo.max_table_files_size: 1073741824
2018/12/19-07:03:59.183016 7fa884de6700 Options.compaction_options_fifo.allow_compaction: 0
2018/12/19-07:03:59.183017 7fa884de6700 Options.compaction_options_fifo.ttl: 0
2018/12/19-07:03:59.183018 7fa884de6700                   Options.table_properties_collectors: 
2018/12/19-07:03:59.183019 7fa884de6700                   Options.inplace_update_support: 0
2018/12/19-07:03:59.183020 7fa884de6700                 Options.inplace_update_num_locks: 10000
2018/12/19-07:03:59.183021 7fa884de6700               Options.memtable_prefix_bloom_size_ratio: 0.000000
2018/12/19-07:03:59.183022 7fa884de6700   Options.memtable_huge_page_size: 0
2018/12/19-07:03:59.183023 7fa884de6700                           Options.bloom_locality: 0
2018/12/19-07:03:59.183024 7fa884de6700                    Options.max_successive_merges: 0
2018/12/19-07:03:59.183025 7fa884de6700                Options.optimize_filters_for_hits: 0
2018/12/19-07:03:59.183026 7fa884de6700                Options.paranoid_file_checks: 0
2018/12/19-07:03:59.183027 7fa884de6700                Options.force_consistency_checks: 0
2018/12/19-07:03:59.183028 7fa884de6700                Options.report_bg_io_stats: 0
2018/12/19-07:03:59.183029 7fa884de6700                               Options.ttl: 0
2018/12/19-07:03:59.183617 7fa884de6700 [db/version_set.cc:3361] Recovered from manifest file:/mnt/sda/ycsb-rocksdb-data/MANIFEST-000001 succeeded,manifest_file_number is 1, next_file_number is 3, last_sequence is 0, log_number is 0,prev_log_number is 0,max_column_family is 0,min_log_number_to_keep is 0
2018/12/19-07:03:59.183626 7fa884de6700 [db/version_set.cc:3369] Column family [default] (ID 0), log number is 0
2018/12/19-07:03:59.183893 7fa884de6700 [db/version_set.cc:2847] Creating manifest 4
2018/12/19-07:03:59.256317 7fa884de6700 [db/column_family.cc:475] --------------- Options for column family [usertable]:
2018/12/19-07:03:59.256324 7fa884de6700               Options.comparator: leveldb.BytewiseComparator
2018/12/19-07:03:59.256326 7fa884de6700           Options.merge_operator: None
2018/12/19-07:03:59.256327 7fa884de6700        Options.compaction_filter: None
2018/12/19-07:03:59.256328 7fa884de6700        Options.compaction_filter_factory: None
2018/12/19-07:03:59.256329 7fa884de6700         Options.memtable_factory: SkipListFactory
2018/12/19-07:03:59.256330 7fa884de6700            Options.table_factory: BlockBasedTable
2018/12/19-07:03:59.256359 7fa884de6700            table_factory options:   flush_block_policy_factory: FlushBlockBySizePolicyFactory (0x7fa88037e400)
  cache_index_and_filter_blocks: 0
  cache_index_and_filter_blocks_with_high_priority: 0
  pin_l0_filter_and_index_blocks_in_cache: 0
  index_type: 0
  hash_index_allow_collision: 1
  checksum: 1
  no_block_cache: 0
  block_cache: 0x7fa88037f520
  block_cache_name: LRUCache
  block_cache_options:
    capacity : 8388608
    num_shard_bits : 4
    strict_capacity_limit : 0
    high_pri_pool_ratio: 0.000
  block_cache_compressed: (nil)
  persistent_cache: (nil)
  block_size: 8192
  block_size_deviation: 10
  block_restart_interval: 16
  index_block_restart_interval: 1
  metadata_block_size: 4096
  partition_filters: 0
  use_delta_encoding: 1
  filter_policy: nullptr
  whole_key_filtering: 1
  verify_compression: 0
  read_amp_bytes_per_bit: 0
  format_version: 2
  enable_index_compression: 1
  block_align: 0
2018/12/19-07:03:59.256362 7fa884de6700        Options.write_buffer_size: 134217728
2018/12/19-07:03:59.256363 7fa884de6700  Options.max_write_buffer_number: 24
2018/12/19-07:03:59.256364 7fa884de6700        Options.compression[0]: NoCompression
2018/12/19-07:03:59.256366 7fa884de6700        Options.compression[1]: NoCompression
2018/12/19-07:03:59.256367 7fa884de6700        Options.compression[2]: LZ4
2018/12/19-07:03:59.256368 7fa884de6700        Options.compression[3]: LZ4
2018/12/19-07:03:59.256368 7fa884de6700        Options.compression[4]: LZ4
2018/12/19-07:03:59.256369 7fa884de6700        Options.compression[5]: LZ4
2018/12/19-07:03:59.256370 7fa884de6700        Options.compression[6]: LZ4
2018/12/19-07:03:59.256371 7fa884de6700                  Options.bottommost_compression: Disabled
2018/12/19-07:03:59.256372 7fa884de6700       Options.prefix_extractor: nullptr
2018/12/19-07:03:59.256373 7fa884de6700   Options.memtable_insert_with_hint_prefix_extractor: nullptr
2018/12/19-07:03:59.256374 7fa884de6700             Options.num_levels: 7
2018/12/19-07:03:59.256375 7fa884de6700        Options.min_write_buffer_number_to_merge: 2
2018/12/19-07:03:59.256376 7fa884de6700     Options.max_write_buffer_number_to_maintain: 0
2018/12/19-07:03:59.256377 7fa884de6700            Options.compression_opts.window_bits: -14
2018/12/19-07:03:59.256378 7fa884de6700                  Options.compression_opts.level: -1
2018/12/19-07:03:59.256379 7fa884de6700               Options.compression_opts.strategy: 0
2018/12/19-07:03:59.256380 7fa884de6700         Options.compression_opts.max_dict_bytes: 0
2018/12/19-07:03:59.256381 7fa884de6700         Options.compression_opts.zstd_max_train_bytes: 0
2018/12/19-07:03:59.256382 7fa884de6700      Options.level0_file_num_compaction_trigger: 2
2018/12/19-07:03:59.256383 7fa884de6700          Options.level0_slowdown_writes_trigger: 20
2018/12/19-07:03:59.256384 7fa884de6700              Options.level0_stop_writes_trigger: 36
2018/12/19-07:03:59.256384 7fa884de6700                   Options.target_file_size_base: 67108864
2018/12/19-07:03:59.256385 7fa884de6700             Options.target_file_size_multiplier: 1
2018/12/19-07:03:59.256386 7fa884de6700                Options.max_bytes_for_level_base: 536870912
2018/12/19-07:03:59.256387 7fa884de6700 Options.level_compaction_dynamic_level_bytes: 0
2018/12/19-07:03:59.256388 7fa884de6700          Options.max_bytes_for_level_multiplier: 10.000000
2018/12/19-07:03:59.256391 7fa884de6700 Options.max_bytes_for_level_multiplier_addtl[0]: 1
2018/12/19-07:03:59.256402 7fa884de6700 Options.max_bytes_for_level_multiplier_addtl[1]: 1
2018/12/19-07:03:59.256403 7fa884de6700 Options.max_bytes_for_level_multiplier_addtl[2]: 1
2018/12/19-07:03:59.256404 7fa884de6700 Options.max_bytes_for_level_multiplier_addtl[3]: 1
2018/12/19-07:03:59.256405 7fa884de6700 Options.max_bytes_for_level_multiplier_addtl[4]: 1
2018/12/19-07:03:59.256406 7fa884de6700 Options.max_bytes_for_level_multiplier_addtl[5]: 1
2018/12/19-07:03:59.256407 7fa884de6700 Options.max_bytes_for_level_multiplier_addtl[6]: 1
2018/12/19-07:03:59.256408 7fa884de6700       Options.max_sequential_skip_in_iterations: 8
2018/12/19-07:03:59.256409 7fa884de6700                    Options.max_compaction_bytes: 1677721600
2018/12/19-07:03:59.256409 7fa884de6700                        Options.arena_block_size: 16777216
2018/12/19-07:03:59.256410 7fa884de6700   Options.soft_pending_compaction_bytes_limit: 68719476736
2018/12/19-07:03:59.256411 7fa884de6700   Options.hard_pending_compaction_bytes_limit: 274877906944
2018/12/19-07:03:59.256412 7fa884de6700       Options.rate_limit_delay_max_milliseconds: 100
2018/12/19-07:03:59.256413 7fa884de6700                Options.disable_auto_compactions: 0
2018/12/19-07:03:59.256416 7fa884de6700                        Options.compaction_style: kCompactionStyleLevel
2018/12/19-07:03:59.256418 7fa884de6700                          Options.compaction_pri: kByCompensatedSize
2018/12/19-07:03:59.256419 7fa884de6700 Options.compaction_options_universal.size_ratio: 1
2018/12/19-07:03:59.256419 7fa884de6700 Options.compaction_options_universal.min_merge_width: 2
2018/12/19-07:03:59.256420 7fa884de6700 Options.compaction_options_universal.max_merge_width: 4294967295
2018/12/19-07:03:59.256421 7fa884de6700 Options.compaction_options_universal.max_size_amplification_percent: 200
2018/12/19-07:03:59.256422 7fa884de6700 Options.compaction_options_universal.compression_size_percent: -1
2018/12/19-07:03:59.256424 7fa884de6700 Options.compaction_options_universal.stop_style: kCompactionStopStyleTotalSize
2018/12/19-07:03:59.256425 7fa884de6700 Options.compaction_options_fifo.max_table_files_size: 1073741824
2018/12/19-07:03:59.256426 7fa884de6700 Options.compaction_options_fifo.allow_compaction: 0
2018/12/19-07:03:59.256427 7fa884de6700 Options.compaction_options_fifo.ttl: 0
2018/12/19-07:03:59.256428 7fa884de6700                   Options.table_properties_collectors: 
2018/12/19-07:03:59.256429 7fa884de6700                   Options.inplace_update_support: 0
2018/12/19-07:03:59.256430 7fa884de6700                 Options.inplace_update_num_locks: 10000
2018/12/19-07:03:59.256431 7fa884de6700               Options.memtable_prefix_bloom_size_ratio: 0.000000
2018/12/19-07:03:59.256432 7fa884de6700   Options.memtable_huge_page_size: 0
2018/12/19-07:03:59.256433 7fa884de6700                           Options.bloom_locality: 0
2018/12/19-07:03:59.256434 7fa884de6700                    Options.max_successive_merges: 0
2018/12/19-07:03:59.256435 7fa884de6700                Options.optimize_filters_for_hits: 0
2018/12/19-07:03:59.256436 7fa884de6700                Options.paranoid_file_checks: 0
2018/12/19-07:03:59.256437 7fa884de6700                Options.force_consistency_checks: 0
2018/12/19-07:03:59.256437 7fa884de6700                Options.report_bg_io_stats: 0
2018/12/19-07:03:59.256438 7fa884de6700                               Options.ttl: 0
2018/12/19-07:03:59.256506 7fa884de6700 [db/db_impl.cc:1396] Created column family [usertable] (ID 1)
2018/12/19-07:03:59.334305 7fa884de6700 [db/db_impl_open.cc:1219] DB pointer 0x7fa8803cd5f0
2018/12/19-07:04:08.245029 7fa884ae3700 [db/db_impl_write.cc:1373] [usertable] New memtable created with log file: #9. Immutable memtables: 0.
2018/12/19-07:04:16.716939 7fa8845de700 [db/db_impl_write.cc:1373] [usertable] New memtable created with log file: #10. Immutable memtables: 1.
2018/12/19-07:04:16.717137 7fa732ffd700 [db/db_impl_compaction_flush.cc:80] [JOB 2] Syncing log #3
2018/12/19-07:04:16.728742 7fa732ffd700 [db/db_impl_compaction_flush.cc:80] [JOB 2] Syncing log #9
2018/12/19-07:04:17.216956 7fa732ffd700 (Original Log Time 2018/12/19-07:04:16.717065) [db/db_impl_compaction_flush.cc:1424] Calling FlushMemTableToOutputFile with column family [usertable], flush slots available 24, compaction slots available 1, flush slots scheduled 1, compaction slots scheduled 0
2018/12/19-07:04:17.216986 7fa732ffd700 [db/flush_job.cc:301] [usertable] [JOB 2] Flushing memtable with next log file: 9
2018/12/19-07:04:17.217000 7fa732ffd700 [db/flush_job.cc:301] [usertable] [JOB 2] Flushing memtable with next log file: 10
2018/12/19-07:04:17.217083 7fa732ffd700 EVENT_LOG_v1 {"time_micros": 1545231857217063, "job": 2, "event": "flush_started", "num_memtables": 2, "num_entries": 60832, "num_deletes": 0, "memory_usage": 259310776, "flush_reason": "Write Buffer Full"}
2018/12/19-07:04:17.217097 7fa732ffd700 [db/flush_job.cc:331] [usertable] [JOB 2] Level-0 flush table #11: started
2018/12/19-07:04:18.887700 7fa732ffd700 EVENT_LOG_v1 {"time_micros": 1545231858887672, "cf_name": "usertable", "job": 2, "event": "table_file_creation", "file_number": 11, "file_size": 251929634, "table_properties": {"data_size": 250810336, "index_size": 1118371, "filter_size": 0, "raw_key_size": 1459968, "raw_average_key_size": 24, "raw_value_size": 249167872, "raw_average_value_size": 4096, "num_data_blocks": 30416, "num_entries": 60832, "filter_policy_name": "", "kDeletedKeys": "0", "kMergeOperands": "0"}}
2018/12/19-07:04:18.887731 7fa732ffd700 [db/flush_job.cc:371] [usertable] [JOB 2] Level-0 flush table #11: 251929634 bytes OK
2018/12/19-07:04:18.949623 7fa732ffd700 (Original Log Time 2018/12/19-07:04:18.887773) [db/memtable_list.cc:377] [usertable] Level-0 commit table #11 started
2018/12/19-07:04:18.949627 7fa732ffd700 (Original Log Time 2018/12/19-07:04:18.949525) [db/memtable_list.cc:409] [usertable] Level-0 commit table #11: memtable #1 done
2018/12/19-07:04:18.949629 7fa732ffd700 (Original Log Time 2018/12/19-07:04:18.949537) [db/memtable_list.cc:409] [usertable] Level-0 commit table #11: memtable #2 done
2018/12/19-07:04:18.949630 7fa732ffd700 (Original Log Time 2018/12/19-07:04:18.949560) EVENT_LOG_v1 {"time_micros": 1545231858949550, "job": 2, "event": "flush_finished", "output_compression": "NoCompression", "lsm_state": [1, 0, 0, 0, 0, 0, 0], "immutable_memtables": 0}
2018/12/19-07:04:18.949632 7fa732ffd700 (Original Log Time 2018/12/19-07:04:18.949591) [db/db_impl_compaction_flush.cc:177] [usertable] Level summary: base level 1 max bytes base 536870912 files[1 0 0 0 0 0 0] max score 0.50
2018/12/19-07:04:18.949647 7fa732ffd700 [db/db_impl_files.cc:347] [JOB 2] Try to delete WAL files size 251158480, prev total WAL file size 283424419, number of live WAL files 3.
2018/12/19-07:04:25.183200 7fa8845de700 [db/db_impl_write.cc:1373] [usertable] New memtable created with log file: #12. Immutable memtables: 0.
2018/12/19-07:04:34.148083 7fa8844dd700 [db/db_impl_write.cc:1373] [usertable] New memtable created with log file: #13. Immutable memtables: 1.
2018/12/19-07:04:34.148159 7fa793fff700 [db/db_impl_compaction_flush.cc:80] [JOB 3] Syncing log #10
2018/12/19-07:04:34.665495 7fa793fff700 [db/db_impl_compaction_flush.cc:80] [JOB 3] Syncing log #12
2018/12/19-07:04:35.185317 7fa793fff700 (Original Log Time 2018/12/19-07:04:34.148141) [db/db_impl_compaction_flush.cc:1424] Calling FlushMemTableToOutputFile with column family [usertable], flush slots available 24, compaction slots available 1, flush slots scheduled 1, compaction slots scheduled 0
2018/12/19-07:04:35.185342 7fa793fff700 [db/flush_job.cc:301] [usertable] [JOB 3] Flushing memtable with next log file: 12
2018/12/19-07:04:35.185349 7fa793fff700 [db/flush_job.cc:301] [usertable] [JOB 3] Flushing memtable with next log file: 13
2018/12/19-07:04:35.185377 7fa793fff700 EVENT_LOG_v1 {"time_micros": 1545231875185368, "job": 3, "event": "flush_started", "num_memtables": 2, "num_entries": 61010, "num_deletes": 0, "memory_usage": 256982872, "flush_reason": "Write Buffer Full"}
2018/12/19-07:04:35.185383 7fa793fff700 [db/flush_job.cc:331] [usertable] [JOB 3] Level-0 flush table #14: started
2018/12/19-07:04:36.912360 7fa793fff700 EVENT_LOG_v1 {"time_micros": 1545231876912338, "cf_name": "usertable", "job": 3, "event": "table_file_creation", "file_number": 14, "file_size": 252666799, "table_properties": {"data_size": 251544230, "index_size": 1121642, "filter_size": 0, "raw_key_size": 1464240, "raw_average_key_size": 24, "raw_value_size": 249896960, "raw_average_value_size": 4096, "num_data_blocks": 30505, "num_entries": 61010, "filter_policy_name": "", "kDeletedKeys": "0", "kMergeOperands": "0"}}
2018/12/19-07:04:36.912382 7fa793fff700 [db/flush_job.cc:371] [usertable] [JOB 3] Level-0 flush table #14: 252666799 bytes OK
2018/12/19-07:04:36.971974 7fa793fff700 (Original Log Time 2018/12/19-07:04:36.912397) [db/memtable_list.cc:377] [usertable] Level-0 commit table #14 started
2018/12/19-07:04:36.971979 7fa793fff700 (Original Log Time 2018/12/19-07:04:36.971875) [db/memtable_list.cc:409] [usertable] Level-0 commit table #14: memtable #1 done
2018/12/19-07:04:36.971981 7fa793fff700 (Original Log Time 2018/12/19-07:04:36.971882) [db/memtable_list.cc:409] [usertable] Level-0 commit table #14: memtable #2 done
2018/12/19-07:04:36.971982 7fa793fff700 (Original Log Time 2018/12/19-07:04:36.971909) EVENT_LOG_v1 {"time_micros": 1545231876971899, "job": 3, "event": "flush_finished", "output_compression": "NoCompression", "lsm_state": [2, 0, 0, 0, 0, 0, 0], "immutable_memtables": 0}
2018/12/19-07:04:36.971984 7fa793fff700 (Original Log Time 2018/12/19-07:04:36.971952) [db/db_impl_compaction_flush.cc:177] [usertable] Level summary: base level 1 max bytes base 536870912 files[2 0 0 0 0 0 0] max score 1.00
2018/12/19-07:04:36.971994 7fa793fff700 [db/db_impl_files.cc:347] [JOB 3] Try to delete WAL files size 251887778, prev total WAL file size 292693341, number of live WAL files 3.
2018/12/19-07:04:36.972204 7fa7c8ff9700 [WARN] [db/db_impl.cc:491] ------- DUMPING STATS -------
2018/12/19-07:04:36.974498 7fa7c8ff9700 [WARN] [db/db_impl.cc:492] 
** DB Stats **
Uptime(secs): 37.8 total, 37.8 interval
Cumulative writes: 131K writes, 131K keys, 128K commit groups, 1.0 writes per commit group, ingest: 0.51 GB, 13.73 MB/s
Cumulative WAL: 131K writes, 0 syncs, 131727.00 writes per sync, written: 0.51 GB, 13.73 MB/s
Cumulative stall: 00:00:0.000 H:M:S, 0.0 percent
Interval writes: 131K writes, 131K keys, 128K commit groups, 1.0 writes per commit group, ingest: 518.67 MB, 13.73 MB/s
Interval WAL: 131K writes, 0 syncs, 131727.00 writes per sync, written: 0.51 MB, 13.73 MB/s
Interval stall: 00:00:0.000 H:M:S, 0.0 percent

** Compaction Stats [default] **
Level    Files   Size     Score Read(GB)  Rn(GB) Rnp1(GB) Write(GB) Wnew(GB) Moved(GB) W-Amp Rd(MB/s) Wr(MB/s) Comp(sec) Comp(cnt) Avg(sec) KeyIn KeyDrop
----------------------------------------------------------------------------------------------------------------------------------------------------------
 Sum      0/0    0.00 KB   0.0      0.0     0.0      0.0       0.0      0.0       0.0   0.0      0.0      0.0         0         0    0.000       0      0
 Int      0/0    0.00 KB   0.0      0.0     0.0      0.0       0.0      0.0       0.0   0.0      0.0      0.0         0         0    0.000       0      0
Uptime(secs): 37.8 total, 37.8 interval
Flush(GB): cumulative 0.000, interval 0.000
AddFile(GB): cumulative 0.000, interval 0.000
AddFile(Total Files): cumulative 0, interval 0
AddFile(L0 Files): cumulative 0, interval 0
AddFile(Keys): cumulative 0, interval 0
Cumulative compaction: 0.00 GB write, 0.00 MB/s write, 0.00 GB read, 0.00 MB/s read, 0.0 seconds
Interval compaction: 0.00 GB write, 0.00 MB/s write, 0.00 GB read, 0.00 MB/s read, 0.0 seconds
Stalls(count): 0 level0_slowdown, 0 level0_slowdown_with_compaction, 0 level0_numfiles, 0 level0_numfiles_with_compaction, 0 stop for pending_compaction_bytes, 0 slowdown for pending_compaction_bytes, 0 memtable_compaction, 0 memtable_slowdown, interval 0 total count

** File Read Latency Histogram By Level [default] **

** Compaction Stats [usertable] **
Level    Files   Size     Score Read(GB)  Rn(GB) Rnp1(GB) Write(GB) Wnew(GB) Moved(GB) W-Amp Rd(MB/s) Wr(MB/s) Comp(sec) Comp(cnt) Avg(sec) KeyIn KeyDrop
----------------------------------------------------------------------------------------------------------------------------------------------------------
  L0      2/0   481.22 MB   1.0      0.0     0.0      0.0       0.5      0.5       0.0   1.0      0.0    141.6         3         2    1.699       0      0
 Sum      2/0   481.22 MB   0.0      0.0     0.0      0.0       0.5      0.5       0.0   1.0      0.0    141.6         3         2    1.699       0      0
 Int      0/0    0.00 KB   0.0      0.0     0.0      0.0       0.5      0.5       0.0   1.0      0.0    141.6         3         2    1.699       0      0
Uptime(secs): 37.7 total, 37.7 interval
Flush(GB): cumulative 0.470, interval 0.470
AddFile(GB): cumulative 0.000, interval 0.000
AddFile(Total Files): cumulative 0, interval 0
AddFile(L0 Files): cumulative 0, interval 0
AddFile(Keys): cumulative 0, interval 0
Cumulative compaction: 0.47 GB write, 12.76 MB/s write, 0.00 GB read, 0.00 MB/s read, 3.4 seconds
Interval compaction: 0.47 GB write, 12.76 MB/s write, 0.00 GB read, 0.00 MB/s read, 3.4 seconds
Stalls(count): 0 level0_slowdown, 0 level0_slowdown_with_compaction, 0 level0_numfiles, 0 level0_numfiles_with_compaction, 0 stop for pending_compaction_bytes, 0 slowdown for pending_compaction_bytes, 0 memtable_compaction, 0 memtable_slowdown, interval 0 total count

** File Read Latency Histogram By Level [usertable] **

** Compaction Stats [default] **
Level    Files   Size     Score Read(GB)  Rn(GB) Rnp1(GB) Write(GB) Wnew(GB) Moved(GB) W-Amp Rd(MB/s) Wr(MB/s) Comp(sec) Comp(cnt) Avg(sec) KeyIn KeyDrop
----------------------------------------------------------------------------------------------------------------------------------------------------------
 Sum      0/0    0.00 KB   0.0      0.0     0.0      0.0       0.0      0.0       0.0   0.0      0.0      0.0         0         0    0.000       0      0
 Int      0/0    0.00 KB   0.0      0.0     0.0      0.0       0.0      0.0       0.0   0.0      0.0      0.0         0         0    0.000       0      0
Uptime(secs): 37.8 total, 0.0 interval
Flush(GB): cumulative 0.000, interval 0.000
AddFile(GB): cumulative 0.000, interval 0.000
AddFile(Total Files): cumulative 0, interval 0
AddFile(L0 Files): cumulative 0, interval 0
AddFile(Keys): cumulative 0, interval 0
Cumulative compaction: 0.00 GB write, 0.00 MB/s write, 0.00 GB read, 0.00 MB/s read, 0.0 seconds
Interval compaction: 0.00 GB write, 0.00 MB/s write, 0.00 GB read, 0.00 MB/s read, 0.0 seconds
Stalls(count): 0 level0_slowdown, 0 level0_slowdown_with_compaction, 0 level0_numfiles, 0 level0_numfiles_with_compaction, 0 stop for pending_compaction_bytes, 0 slowdown for pending_compaction_bytes, 0 memtable_compaction, 0 memtable_slowdown, interval 0 total count

** File Read Latency Histogram By Level [default] **

** Compaction Stats [usertable] **
Level    Files   Size     Score Read(GB)  Rn(GB) Rnp1(GB) Write(GB) Wnew(GB) Moved(GB) W-Amp Rd(MB/s) Wr(MB/s) Comp(sec) Comp(cnt) Avg(sec) KeyIn KeyDrop
----------------------------------------------------------------------------------------------------------------------------------------------------------
  L0      2/0   481.22 MB   1.0      0.0     0.0      0.0       0.5      0.5       0.0   1.0      0.0    141.6         3         2    1.699       0      0
 Sum      2/0   481.22 MB   0.0      0.0     0.0      0.0       0.5      0.5       0.0   1.0      0.0    141.6         3         2    1.699       0      0
 Int      0/0    0.00 KB   0.0      0.0     0.0      0.0       0.0      0.0       0.0   0.0      0.0      0.0         0         0    0.000       0      0
Uptime(secs): 37.7 total, 0.0 interval
Flush(GB): cumulative 0.470, interval 0.000
AddFile(GB): cumulative 0.000, interval 0.000
AddFile(Total Files): cumulative 0, interval 0
AddFile(L0 Files): cumulative 0, interval 0
AddFile(Keys): cumulative 0, interval 0
Cumulative compaction: 0.47 GB write, 12.76 MB/s write, 0.00 GB read, 0.00 MB/s read, 3.4 seconds
Interval compaction: 0.00 GB write, 0.00 MB/s write, 0.00 GB read, 0.00 MB/s read, 0.0 seconds
Stalls(count): 0 level0_slowdown, 0 level0_slowdown_with_compaction, 0 level0_numfiles, 0 level0_numfiles_with_compaction, 0 stop for pending_compaction_bytes, 0 slowdown for pending_compaction_bytes, 0 memtable_compaction, 0 memtable_slowdown, interval 0 total count

** File Read Latency Histogram By Level [usertable] **
2018/12/19-07:04:37.031429 7fa7c8ff9700 (Original Log Time 2018/12/19-07:04:36.977497) [db/db_impl_compaction_flush.cc:1835] [usertable] Moving #14 to level-1 252666799 bytes
2018/12/19-07:04:37.031434 7fa7c8ff9700 (Original Log Time 2018/12/19-07:04:37.031368) EVENT_LOG_v1 {"time_micros": 1545231877031346, "job": 4, "event": "trivial_move", "destination_level": 1, "files": 1, "total_files_size": 252666799}
2018/12/19-07:04:37.031436 7fa7c8ff9700 (Original Log Time 2018/12/19-07:04:37.031390) [db/db_impl_compaction_flush.cc:1864] [usertable] Moved #1 files to level-1 252666799 bytes OK: base level 1 max bytes base 536870912 files[1 1 0 0 0 0 0] max score 0.50
2018/12/19-07:04:43.114067 7fa87fefe700 [db/db_impl_write.cc:1373] [usertable] New memtable created with log file: #15. Immutable memtables: 0.
2018/12/19-07:04:51.792794 7fa87f6f6700 [db/db_impl_write.cc:1373] [usertable] New memtable created with log file: #16. Immutable memtables: 1.
2018/12/19-07:04:51.792878 7fa7937fe700 [db/db_impl_compaction_flush.cc:80] [JOB 5] Syncing log #13
2018/12/19-07:04:52.339778 7fa7937fe700 [db/db_impl_compaction_flush.cc:80] [JOB 5] Syncing log #15
2018/12/19-07:04:52.844942 7fa7937fe700 (Original Log Time 2018/12/19-07:04:51.792859) [db/db_impl_compaction_flush.cc:1424] Calling FlushMemTableToOutputFile with column family [usertable], flush slots available 24, compaction slots available 1, flush slots scheduled 1, compaction slots scheduled 0
2018/12/19-07:04:52.844958 7fa7937fe700 [db/flush_job.cc:301] [usertable] [JOB 5] Flushing memtable with next log file: 15
2018/12/19-07:04:52.844965 7fa7937fe700 [db/flush_job.cc:301] [usertable] [JOB 5] Flushing memtable with next log file: 16
2018/12/19-07:04:52.845001 7fa7937fe700 EVENT_LOG_v1 {"time_micros": 1545231892844992, "job": 5, "event": "flush_started", "num_memtables": 2, "num_entries": 61755, "num_deletes": 0, "memory_usage": 260057048, "flush_reason": "Write Buffer Full"}
2018/12/19-07:04:52.845007 7fa7937fe700 [db/flush_job.cc:331] [usertable] [JOB 5] Level-0 flush table #17: started
2018/12/19-07:04:55.030573 7fa7937fe700 EVENT_LOG_v1 {"time_micros": 1545231895030527, "cf_name": "usertable", "job": 5, "event": "table_file_creation", "file_number": 17, "file_size": 255752168, "table_properties": {"data_size": 254615879, "index_size": 1135362, "filter_size": 0, "raw_key_size": 1482120, "raw_average_key_size": 24, "raw_value_size": 252948480, "raw_average_value_size": 4096, "num_data_blocks": 30878, "num_entries": 61755, "filter_policy_name": "", "kDeletedKeys": "0", "kMergeOperands": "0"}}
2018/12/19-07:04:55.030607 7fa7937fe700 [db/flush_job.cc:371] [usertable] [JOB 5] Level-0 flush table #17: 255752168 bytes OK
2018/12/19-07:04:55.092588 7fa7937fe700 (Original Log Time 2018/12/19-07:04:55.030622) [db/memtable_list.cc:377] [usertable] Level-0 commit table #17 started
2018/12/19-07:04:55.092592 7fa7937fe700 (Original Log Time 2018/12/19-07:04:55.092511) [db/memtable_list.cc:409] [usertable] Level-0 commit table #17: memtable #1 done
2018/12/19-07:04:55.092594 7fa7937fe700 (Original Log Time 2018/12/19-07:04:55.092515) [db/memtable_list.cc:409] [usertable] Level-0 commit table #17: memtable #2 done
2018/12/19-07:04:55.092595 7fa7937fe700 (Original Log Time 2018/12/19-07:04:55.092535) EVENT_LOG_v1 {"time_micros": 1545231895092527, "job": 5, "event": "flush_finished", "output_compression": "NoCompression", "lsm_state": [2, 1, 0, 0, 0, 0, 0], "immutable_memtables": 0}
2018/12/19-07:04:55.092597 7fa7937fe700 (Original Log Time 2018/12/19-07:04:55.092567) [db/db_impl_compaction_flush.cc:177] [usertable] Level summary: base level 1 max bytes base 536870912 files[2 1 0 0 0 0 0] max score 1.00
