2019/03/23-10:27:35.153712 7f8d896eb700 RocksDB version: 5.14.3
2019/03/23-10:27:35.153760 7f8d896eb700 Git sha rocksdb_build_git_sha:
2019/03/23-10:27:35.153763 7f8d896eb700 Compile date Oct  9 2018
2019/03/23-10:27:35.153767 7f8d896eb700 DB SUMMARY
2019/03/23-10:27:35.153789 7f8d896eb700 SST files in /mnt/sdf/ycsb-rocksdb-data dir, Total Num: 0, files: 
2019/03/23-10:27:35.153793 7f8d896eb700 Write Ahead Log file in /mnt/sdf/ycsb-rocksdb-data: 
2019/03/23-10:27:35.153796 7f8d896eb700                         Options.error_if_exists: 0
2019/03/23-10:27:35.153797 7f8d896eb700                       Options.create_if_missing: 1
2019/03/23-10:27:35.153798 7f8d896eb700                         Options.paranoid_checks: 1
2019/03/23-10:27:35.153799 7f8d896eb700                                     Options.env: 0x7f8d88d66080
2019/03/23-10:27:35.153800 7f8d896eb700                                Options.info_log: 0x7f8cb43d82a0
2019/03/23-10:27:35.153801 7f8d896eb700                Options.max_file_opening_threads: 16
2019/03/23-10:27:35.153802 7f8d896eb700                              Options.statistics: (nil)
2019/03/23-10:27:35.153803 7f8d896eb700                               Options.use_fsync: 0
2019/03/23-10:27:35.153803 7f8d896eb700                       Options.max_log_file_size: 0
2019/03/23-10:27:35.153804 7f8d896eb700                  Options.max_manifest_file_size: 18446744073709551615
2019/03/23-10:27:35.153805 7f8d896eb700                   Options.log_file_time_to_roll: 0
2019/03/23-10:27:35.153806 7f8d896eb700                       Options.keep_log_file_num: 1000
2019/03/23-10:27:35.153807 7f8d896eb700                    Options.recycle_log_file_num: 0
2019/03/23-10:27:35.153808 7f8d896eb700                         Options.allow_fallocate: 1
2019/03/23-10:27:35.153810 7f8d896eb700                        Options.allow_mmap_reads: 0
2019/03/23-10:27:35.153810 7f8d896eb700                       Options.allow_mmap_writes: 0
2019/03/23-10:27:35.153811 7f8d896eb700                        Options.use_direct_reads: 0
2019/03/23-10:27:35.153812 7f8d896eb700                        Options.use_direct_io_for_flush_and_compaction: 0
2019/03/23-10:27:35.153813 7f8d896eb700          Options.create_missing_column_families: 1
2019/03/23-10:27:35.153814 7f8d896eb700                              Options.db_log_dir: 
2019/03/23-10:27:35.153815 7f8d896eb700                                 Options.wal_dir: /mnt/sdf/ycsb-rocksdb-data
2019/03/23-10:27:35.153816 7f8d896eb700                Options.table_cache_numshardbits: 6
2019/03/23-10:27:35.153817 7f8d896eb700                      Options.max_subcompactions: 4
2019/03/23-10:27:35.153818 7f8d896eb700                  Options.max_background_flushes: 24
2019/03/23-10:27:35.153819 7f8d896eb700                         Options.WAL_ttl_seconds: 0
2019/03/23-10:27:35.153820 7f8d896eb700                       Options.WAL_size_limit_MB: 0
2019/03/23-10:27:35.153821 7f8d896eb700             Options.manifest_preallocation_size: 4194304
2019/03/23-10:27:35.153822 7f8d896eb700                     Options.is_fd_close_on_exec: 1
2019/03/23-10:27:35.153823 7f8d896eb700                   Options.advise_random_on_open: 1
2019/03/23-10:27:35.153823 7f8d896eb700                    Options.db_write_buffer_size: 0
2019/03/23-10:27:35.153824 7f8d896eb700                    Options.write_buffer_manager: 0x7f8cb43d12c0
2019/03/23-10:27:35.153825 7f8d896eb700         Options.access_hint_on_compaction_start: 1
2019/03/23-10:27:35.153826 7f8d896eb700  Options.new_table_reader_for_compaction_inputs: 0
2019/03/23-10:27:35.153827 7f8d896eb700           Options.random_access_max_buffer_size: 1048576
2019/03/23-10:27:35.153828 7f8d896eb700                      Options.use_adaptive_mutex: 0
2019/03/23-10:27:35.153829 7f8d896eb700                            Options.rate_limiter: (nil)
2019/03/23-10:27:35.153830 7f8d896eb700     Options.sst_file_manager.rate_bytes_per_sec: 0
2019/03/23-10:27:35.153831 7f8d896eb700                       Options.wal_recovery_mode: 2
2019/03/23-10:27:35.153832 7f8d896eb700                  Options.enable_thread_tracking: 0
2019/03/23-10:27:35.153833 7f8d896eb700                  Options.enable_pipelined_write: 1
2019/03/23-10:27:35.153843 7f8d896eb700         Options.allow_concurrent_memtable_write: 1
2019/03/23-10:27:35.153844 7f8d896eb700      Options.enable_write_thread_adaptive_yield: 1
2019/03/23-10:27:35.153845 7f8d896eb700             Options.write_thread_max_yield_usec: 100
2019/03/23-10:27:35.153846 7f8d896eb700            Options.write_thread_slow_yield_usec: 3
2019/03/23-10:27:35.153847 7f8d896eb700                               Options.row_cache: None
2019/03/23-10:27:35.153848 7f8d896eb700                              Options.wal_filter: None
2019/03/23-10:27:35.153848 7f8d896eb700             Options.avoid_flush_during_recovery: 0
2019/03/23-10:27:35.153849 7f8d896eb700             Options.allow_ingest_behind: 0
2019/03/23-10:27:35.153850 7f8d896eb700             Options.preserve_deletes: 0
2019/03/23-10:27:35.153851 7f8d896eb700             Options.two_write_queues: 0
2019/03/23-10:27:35.153852 7f8d896eb700             Options.manual_wal_flush: 0
2019/03/23-10:27:35.153854 7f8d896eb700             Options.max_background_jobs: 24
2019/03/23-10:27:35.153855 7f8d896eb700             Options.max_background_compactions: 24
2019/03/23-10:27:35.153855 7f8d896eb700             Options.avoid_flush_during_shutdown: 0
2019/03/23-10:27:35.153856 7f8d896eb700           Options.writable_file_max_buffer_size: 1048576
2019/03/23-10:27:35.153857 7f8d896eb700             Options.delayed_write_rate : 16777216
2019/03/23-10:27:35.153858 7f8d896eb700             Options.max_total_wal_size: 0
2019/03/23-10:27:35.153859 7f8d896eb700             Options.delete_obsolete_files_period_micros: 21600000000
2019/03/23-10:27:35.153860 7f8d896eb700                   Options.stats_dump_period_sec: 60
2019/03/23-10:27:35.153861 7f8d896eb700                          Options.max_open_files: -1
2019/03/23-10:27:35.153862 7f8d896eb700                          Options.bytes_per_sync: 1048576
2019/03/23-10:27:35.153863 7f8d896eb700                      Options.wal_bytes_per_sync: 0
2019/03/23-10:27:35.153864 7f8d896eb700       Options.compaction_readahead_size: 0
2019/03/23-10:27:35.153864 7f8d896eb700 Compression algorithms supported:
2019/03/23-10:27:35.153866 7f8d896eb700 	kZSTDNotFinalCompression supported: 1
2019/03/23-10:27:35.153872 7f8d896eb700 	kZSTD supported: 1
2019/03/23-10:27:35.153873 7f8d896eb700 	kXpressCompression supported: 0
2019/03/23-10:27:35.153874 7f8d896eb700 	kLZ4HCCompression supported: 1
2019/03/23-10:27:35.153875 7f8d896eb700 	kLZ4Compression supported: 1
2019/03/23-10:27:35.153876 7f8d896eb700 	kBZip2Compression supported: 1
2019/03/23-10:27:35.153877 7f8d896eb700 	kZlibCompression supported: 1
2019/03/23-10:27:35.153878 7f8d896eb700 	kSnappyCompression supported: 1
2019/03/23-10:27:35.153881 7f8d896eb700 Fast CRC32 supported: Not supported on x86
2019/03/23-10:27:35.153949 7f8d896eb700 [db/db_impl_open.cc:222] Creating manifest 1 
2019/03/23-10:27:35.253069 7f8d896eb700 [db/version_set.cc:3085] Recovering from manifest file: MANIFEST-000001
2019/03/23-10:27:35.253182 7f8d896eb700 [db/column_family.cc:475] --------------- Options for column family [default]:
2019/03/23-10:27:35.253186 7f8d896eb700               Options.comparator: leveldb.BytewiseComparator
2019/03/23-10:27:35.253187 7f8d896eb700           Options.merge_operator: None
2019/03/23-10:27:35.253189 7f8d896eb700        Options.compaction_filter: None
2019/03/23-10:27:35.253190 7f8d896eb700        Options.compaction_filter_factory: None
2019/03/23-10:27:35.253191 7f8d896eb700         Options.memtable_factory: SkipListFactory
2019/03/23-10:27:35.253192 7f8d896eb700            Options.table_factory: BlockBasedTable
2019/03/23-10:27:35.253222 7f8d896eb700            table_factory options:   flush_block_policy_factory: FlushBlockBySizePolicyFactory (0x7f8cb43d2060)
  cache_index_and_filter_blocks: 0
  cache_index_and_filter_blocks_with_high_priority: 0
  pin_l0_filter_and_index_blocks_in_cache: 0
  index_type: 0
  hash_index_allow_collision: 1
  checksum: 1
  no_block_cache: 0
  block_cache: 0x7f8cb43c6620
  block_cache_name: LRUCache
  block_cache_options:
    capacity : 8388608
    num_shard_bits : 4
    strict_capacity_limit : 0
    high_pri_pool_ratio: 0.000
  block_cache_compressed: (nil)
  persistent_cache: (nil)
  block_size: 8192
  block_size_deviation: 10
  block_restart_interval: 16
  index_block_restart_interval: 1
  metadata_block_size: 4096
  partition_filters: 0
  use_delta_encoding: 1
  filter_policy: nullptr
  whole_key_filtering: 1
  verify_compression: 0
  read_amp_bytes_per_bit: 0
  format_version: 2
  enable_index_compression: 1
  block_align: 0
2019/03/23-10:27:35.253240 7f8d896eb700        Options.write_buffer_size: 134217728
2019/03/23-10:27:35.253241 7f8d896eb700  Options.max_write_buffer_number: 24
2019/03/23-10:27:35.253243 7f8d896eb700        Options.compression[0]: NoCompression
2019/03/23-10:27:35.253244 7f8d896eb700        Options.compression[1]: NoCompression
2019/03/23-10:27:35.253245 7f8d896eb700        Options.compression[2]: LZ4
2019/03/23-10:27:35.253247 7f8d896eb700        Options.compression[3]: LZ4
2019/03/23-10:27:35.253248 7f8d896eb700        Options.compression[4]: LZ4
2019/03/23-10:27:35.253249 7f8d896eb700        Options.compression[5]: LZ4
2019/03/23-10:27:35.253250 7f8d896eb700        Options.compression[6]: LZ4
2019/03/23-10:27:35.253251 7f8d896eb700                  Options.bottommost_compression: Disabled
2019/03/23-10:27:35.253252 7f8d896eb700       Options.prefix_extractor: nullptr
2019/03/23-10:27:35.253253 7f8d896eb700   Options.memtable_insert_with_hint_prefix_extractor: nullptr
2019/03/23-10:27:35.253253 7f8d896eb700             Options.num_levels: 7
2019/03/23-10:27:35.253254 7f8d896eb700        Options.min_write_buffer_number_to_merge: 2
2019/03/23-10:27:35.253255 7f8d896eb700     Options.max_write_buffer_number_to_maintain: 0
2019/03/23-10:27:35.253256 7f8d896eb700            Options.compression_opts.window_bits: -14
2019/03/23-10:27:35.253257 7f8d896eb700                  Options.compression_opts.level: -1
2019/03/23-10:27:35.253258 7f8d896eb700               Options.compression_opts.strategy: 0
2019/03/23-10:27:35.253259 7f8d896eb700         Options.compression_opts.max_dict_bytes: 0
2019/03/23-10:27:35.253260 7f8d896eb700         Options.compression_opts.zstd_max_train_bytes: 0
2019/03/23-10:27:35.253261 7f8d896eb700      Options.level0_file_num_compaction_trigger: 2
2019/03/23-10:27:35.253262 7f8d896eb700          Options.level0_slowdown_writes_trigger: 20
2019/03/23-10:27:35.253262 7f8d896eb700              Options.level0_stop_writes_trigger: 36
2019/03/23-10:27:35.253263 7f8d896eb700                   Options.target_file_size_base: 67108864
2019/03/23-10:27:35.253264 7f8d896eb700             Options.target_file_size_multiplier: 1
2019/03/23-10:27:35.253265 7f8d896eb700                Options.max_bytes_for_level_base: 536870912
2019/03/23-10:27:35.253266 7f8d896eb700 Options.level_compaction_dynamic_level_bytes: 0
2019/03/23-10:27:35.253267 7f8d896eb700          Options.max_bytes_for_level_multiplier: 10.000000
2019/03/23-10:27:35.253270 7f8d896eb700 Options.max_bytes_for_level_multiplier_addtl[0]: 1
2019/03/23-10:27:35.253271 7f8d896eb700 Options.max_bytes_for_level_multiplier_addtl[1]: 1
2019/03/23-10:27:35.253272 7f8d896eb700 Options.max_bytes_for_level_multiplier_addtl[2]: 1
2019/03/23-10:27:35.253273 7f8d896eb700 Options.max_bytes_for_level_multiplier_addtl[3]: 1
2019/03/23-10:27:35.253274 7f8d896eb700 Options.max_bytes_for_level_multiplier_addtl[4]: 1
2019/03/23-10:27:35.253275 7f8d896eb700 Options.max_bytes_for_level_multiplier_addtl[5]: 1
2019/03/23-10:27:35.253276 7f8d896eb700 Options.max_bytes_for_level_multiplier_addtl[6]: 1
2019/03/23-10:27:35.253277 7f8d896eb700       Options.max_sequential_skip_in_iterations: 8
2019/03/23-10:27:35.253277 7f8d896eb700                    Options.max_compaction_bytes: 1677721600
2019/03/23-10:27:35.253278 7f8d896eb700                        Options.arena_block_size: 16777216
2019/03/23-10:27:35.253279 7f8d896eb700   Options.soft_pending_compaction_bytes_limit: 68719476736
2019/03/23-10:27:35.253280 7f8d896eb700   Options.hard_pending_compaction_bytes_limit: 274877906944
2019/03/23-10:27:35.253288 7f8d896eb700       Options.rate_limit_delay_max_milliseconds: 100
2019/03/23-10:27:35.253289 7f8d896eb700                Options.disable_auto_compactions: 0
2019/03/23-10:27:35.253291 7f8d896eb700                        Options.compaction_style: kCompactionStyleLevel
2019/03/23-10:27:35.253292 7f8d896eb700                          Options.compaction_pri: kByCompensatedSize
2019/03/23-10:27:35.253293 7f8d896eb700 Options.compaction_options_universal.size_ratio: 1
2019/03/23-10:27:35.253294 7f8d896eb700 Options.compaction_options_universal.min_merge_width: 2
2019/03/23-10:27:35.253295 7f8d896eb700 Options.compaction_options_universal.max_merge_width: 4294967295
2019/03/23-10:27:35.253296 7f8d896eb700 Options.compaction_options_universal.max_size_amplification_percent: 200
2019/03/23-10:27:35.253297 7f8d896eb700 Options.compaction_options_universal.compression_size_percent: -1
2019/03/23-10:27:35.253298 7f8d896eb700 Options.compaction_options_universal.stop_style: kCompactionStopStyleTotalSize
2019/03/23-10:27:35.253299 7f8d896eb700 Options.compaction_options_fifo.max_table_files_size: 1073741824
2019/03/23-10:27:35.253300 7f8d896eb700 Options.compaction_options_fifo.allow_compaction: 0
2019/03/23-10:27:35.253301 7f8d896eb700 Options.compaction_options_fifo.ttl: 0
2019/03/23-10:27:35.253302 7f8d896eb700                   Options.table_properties_collectors: 
2019/03/23-10:27:35.253303 7f8d896eb700                   Options.inplace_update_support: 0
2019/03/23-10:27:35.253304 7f8d896eb700                 Options.inplace_update_num_locks: 10000
2019/03/23-10:27:35.253305 7f8d896eb700               Options.memtable_prefix_bloom_size_ratio: 0.000000
2019/03/23-10:27:35.253306 7f8d896eb700   Options.memtable_huge_page_size: 0
2019/03/23-10:27:35.253307 7f8d896eb700                           Options.bloom_locality: 0
2019/03/23-10:27:35.253308 7f8d896eb700                    Options.max_successive_merges: 0
2019/03/23-10:27:35.253309 7f8d896eb700                Options.optimize_filters_for_hits: 0
2019/03/23-10:27:35.253310 7f8d896eb700                Options.paranoid_file_checks: 0
2019/03/23-10:27:35.253310 7f8d896eb700                Options.force_consistency_checks: 0
2019/03/23-10:27:35.253311 7f8d896eb700                Options.report_bg_io_stats: 0
2019/03/23-10:27:35.253312 7f8d896eb700                               Options.ttl: 0
2019/03/23-10:27:35.253997 7f8d896eb700 [db/version_set.cc:3361] Recovered from manifest file:/mnt/sdf/ycsb-rocksdb-data/MANIFEST-000001 succeeded,manifest_file_number is 1, next_file_number is 3, last_sequence is 0, log_number is 0,prev_log_number is 0,max_column_family is 0,min_log_number_to_keep is 0
2019/03/23-10:27:35.254001 7f8d896eb700 [db/version_set.cc:3369] Column family [default] (ID 0), log number is 0
2019/03/23-10:27:35.254177 7f8d896eb700 [db/version_set.cc:2847] Creating manifest 4
2019/03/23-10:27:35.325214 7f8d896eb700 [db/column_family.cc:475] --------------- Options for column family [usertable]:
2019/03/23-10:27:35.325222 7f8d896eb700               Options.comparator: leveldb.BytewiseComparator
2019/03/23-10:27:35.325224 7f8d896eb700           Options.merge_operator: None
2019/03/23-10:27:35.325225 7f8d896eb700        Options.compaction_filter: None
2019/03/23-10:27:35.325226 7f8d896eb700        Options.compaction_filter_factory: None
2019/03/23-10:27:35.325227 7f8d896eb700         Options.memtable_factory: SkipListFactory
2019/03/23-10:27:35.325228 7f8d896eb700            Options.table_factory: BlockBasedTable
2019/03/23-10:27:35.325259 7f8d896eb700            table_factory options:   flush_block_policy_factory: FlushBlockBySizePolicyFactory (0x7f8cb43d6cb0)
  cache_index_and_filter_blocks: 0
  cache_index_and_filter_blocks_with_high_priority: 0
  pin_l0_filter_and_index_blocks_in_cache: 0
  index_type: 0
  hash_index_allow_collision: 1
  checksum: 1
  no_block_cache: 0
  block_cache: 0x7f8cb43d7240
  block_cache_name: LRUCache
  block_cache_options:
    capacity : 8388608
    num_shard_bits : 4
    strict_capacity_limit : 0
    high_pri_pool_ratio: 0.000
  block_cache_compressed: (nil)
  persistent_cache: (nil)
  block_size: 8192
  block_size_deviation: 10
  block_restart_interval: 16
  index_block_restart_interval: 1
  metadata_block_size: 4096
  partition_filters: 0
  use_delta_encoding: 1
  filter_policy: nullptr
  whole_key_filtering: 1
  verify_compression: 0
  read_amp_bytes_per_bit: 0
  format_version: 2
  enable_index_compression: 1
  block_align: 0
2019/03/23-10:27:35.325263 7f8d896eb700        Options.write_buffer_size: 134217728
2019/03/23-10:27:35.325264 7f8d896eb700  Options.max_write_buffer_number: 24
2019/03/23-10:27:35.325265 7f8d896eb700        Options.compression[0]: NoCompression
2019/03/23-10:27:35.325267 7f8d896eb700        Options.compression[1]: NoCompression
2019/03/23-10:27:35.325268 7f8d896eb700        Options.compression[2]: LZ4
2019/03/23-10:27:35.325269 7f8d896eb700        Options.compression[3]: LZ4
2019/03/23-10:27:35.325270 7f8d896eb700        Options.compression[4]: LZ4
2019/03/23-10:27:35.325271 7f8d896eb700        Options.compression[5]: LZ4
2019/03/23-10:27:35.325272 7f8d896eb700        Options.compression[6]: LZ4
2019/03/23-10:27:35.325273 7f8d896eb700                  Options.bottommost_compression: Disabled
2019/03/23-10:27:35.325274 7f8d896eb700       Options.prefix_extractor: nullptr
2019/03/23-10:27:35.325275 7f8d896eb700   Options.memtable_insert_with_hint_prefix_extractor: nullptr
2019/03/23-10:27:35.325276 7f8d896eb700             Options.num_levels: 7
2019/03/23-10:27:35.325277 7f8d896eb700        Options.min_write_buffer_number_to_merge: 2
2019/03/23-10:27:35.325278 7f8d896eb700     Options.max_write_buffer_number_to_maintain: 0
2019/03/23-10:27:35.325279 7f8d896eb700            Options.compression_opts.window_bits: -14
2019/03/23-10:27:35.325280 7f8d896eb700                  Options.compression_opts.level: -1
2019/03/23-10:27:35.325281 7f8d896eb700               Options.compression_opts.strategy: 0
2019/03/23-10:27:35.325282 7f8d896eb700         Options.compression_opts.max_dict_bytes: 0
2019/03/23-10:27:35.325283 7f8d896eb700         Options.compression_opts.zstd_max_train_bytes: 0
2019/03/23-10:27:35.325283 7f8d896eb700      Options.level0_file_num_compaction_trigger: 2
2019/03/23-10:27:35.325284 7f8d896eb700          Options.level0_slowdown_writes_trigger: 20
2019/03/23-10:27:35.325285 7f8d896eb700              Options.level0_stop_writes_trigger: 36
2019/03/23-10:27:35.325286 7f8d896eb700                   Options.target_file_size_base: 67108864
2019/03/23-10:27:35.325287 7f8d896eb700             Options.target_file_size_multiplier: 1
2019/03/23-10:27:35.325288 7f8d896eb700                Options.max_bytes_for_level_base: 536870912
2019/03/23-10:27:35.325289 7f8d896eb700 Options.level_compaction_dynamic_level_bytes: 0
2019/03/23-10:27:35.325290 7f8d896eb700          Options.max_bytes_for_level_multiplier: 10.000000
2019/03/23-10:27:35.325293 7f8d896eb700 Options.max_bytes_for_level_multiplier_addtl[0]: 1
2019/03/23-10:27:35.325304 7f8d896eb700 Options.max_bytes_for_level_multiplier_addtl[1]: 1
2019/03/23-10:27:35.325306 7f8d896eb700 Options.max_bytes_for_level_multiplier_addtl[2]: 1
2019/03/23-10:27:35.325307 7f8d896eb700 Options.max_bytes_for_level_multiplier_addtl[3]: 1
2019/03/23-10:27:35.325308 7f8d896eb700 Options.max_bytes_for_level_multiplier_addtl[4]: 1
2019/03/23-10:27:35.325308 7f8d896eb700 Options.max_bytes_for_level_multiplier_addtl[5]: 1
2019/03/23-10:27:35.325309 7f8d896eb700 Options.max_bytes_for_level_multiplier_addtl[6]: 1
2019/03/23-10:27:35.325310 7f8d896eb700       Options.max_sequential_skip_in_iterations: 8
2019/03/23-10:27:35.325311 7f8d896eb700                    Options.max_compaction_bytes: 1677721600
2019/03/23-10:27:35.325312 7f8d896eb700                        Options.arena_block_size: 16777216
2019/03/23-10:27:35.325313 7f8d896eb700   Options.soft_pending_compaction_bytes_limit: 68719476736
2019/03/23-10:27:35.325314 7f8d896eb700   Options.hard_pending_compaction_bytes_limit: 274877906944
2019/03/23-10:27:35.325315 7f8d896eb700       Options.rate_limit_delay_max_milliseconds: 100
2019/03/23-10:27:35.325316 7f8d896eb700                Options.disable_auto_compactions: 0
2019/03/23-10:27:35.325317 7f8d896eb700                        Options.compaction_style: kCompactionStyleLevel
2019/03/23-10:27:35.325319 7f8d896eb700                          Options.compaction_pri: kByCompensatedSize
2019/03/23-10:27:35.325320 7f8d896eb700 Options.compaction_options_universal.size_ratio: 1
2019/03/23-10:27:35.325321 7f8d896eb700 Options.compaction_options_universal.min_merge_width: 2
2019/03/23-10:27:35.325321 7f8d896eb700 Options.compaction_options_universal.max_merge_width: 4294967295
2019/03/23-10:27:35.325322 7f8d896eb700 Options.compaction_options_universal.max_size_amplification_percent: 200
2019/03/23-10:27:35.325323 7f8d896eb700 Options.compaction_options_universal.compression_size_percent: -1
2019/03/23-10:27:35.325325 7f8d896eb700 Options.compaction_options_universal.stop_style: kCompactionStopStyleTotalSize
2019/03/23-10:27:35.325325 7f8d896eb700 Options.compaction_options_fifo.max_table_files_size: 1073741824
2019/03/23-10:27:35.325326 7f8d896eb700 Options.compaction_options_fifo.allow_compaction: 0
2019/03/23-10:27:35.325327 7f8d896eb700 Options.compaction_options_fifo.ttl: 0
2019/03/23-10:27:35.325328 7f8d896eb700                   Options.table_properties_collectors: 
2019/03/23-10:27:35.325329 7f8d896eb700                   Options.inplace_update_support: 0
2019/03/23-10:27:35.325330 7f8d896eb700                 Options.inplace_update_num_locks: 10000
2019/03/23-10:27:35.325331 7f8d896eb700               Options.memtable_prefix_bloom_size_ratio: 0.000000
2019/03/23-10:27:35.325332 7f8d896eb700   Options.memtable_huge_page_size: 0
2019/03/23-10:27:35.325333 7f8d896eb700                           Options.bloom_locality: 0
2019/03/23-10:27:35.325334 7f8d896eb700                    Options.max_successive_merges: 0
2019/03/23-10:27:35.325335 7f8d896eb700                Options.optimize_filters_for_hits: 0
2019/03/23-10:27:35.325336 7f8d896eb700                Options.paranoid_file_checks: 0
2019/03/23-10:27:35.325337 7f8d896eb700                Options.force_consistency_checks: 0
2019/03/23-10:27:35.325338 7f8d896eb700                Options.report_bg_io_stats: 0
2019/03/23-10:27:35.325339 7f8d896eb700                               Options.ttl: 0
2019/03/23-10:27:35.325406 7f8d896eb700 [db/db_impl.cc:1396] Created column family [usertable] (ID 1)
2019/03/23-10:27:35.400167 7f8d896eb700 [db/db_impl_open.cc:1219] DB pointer 0x7f8cb43d7640
2019/03/23-10:27:44.160787 7f8d88269700 [db/db_impl_write.cc:1373] [usertable] New memtable created with log file: #9. Immutable memtables: 0.
2019/03/23-10:27:52.308652 7f8d447f8700 [db/db_impl_write.cc:1373] [usertable] New memtable created with log file: #10. Immutable memtables: 1.
2019/03/23-10:27:52.308869 7f8d3f7fe700 [db/db_impl_compaction_flush.cc:80] [JOB 2] Syncing log #3
2019/03/23-10:27:52.552725 7f8d3f7fe700 [db/db_impl_compaction_flush.cc:80] [JOB 2] Syncing log #9
2019/03/23-10:27:53.022033 7f8d3f7fe700 (Original Log Time 2019/03/23-10:27:52.308784) [db/db_impl_compaction_flush.cc:1424] Calling FlushMemTableToOutputFile with column family [usertable], flush slots available 24, compaction slots available 1, flush slots scheduled 1, compaction slots scheduled 0
2019/03/23-10:27:53.022047 7f8d3f7fe700 [db/flush_job.cc:301] [usertable] [JOB 2] Flushing memtable with next log file: 9
2019/03/23-10:27:53.022063 7f8d3f7fe700 [db/flush_job.cc:301] [usertable] [JOB 2] Flushing memtable with next log file: 10
2019/03/23-10:27:53.022114 7f8d3f7fe700 EVENT_LOG_v1 {"time_micros": 1553362073022092, "job": 2, "event": "flush_started", "num_memtables": 2, "num_entries": 59156, "num_deletes": 0, "memory_usage": 245206248, "flush_reason": "Write Buffer Full"}
2019/03/23-10:27:53.022126 7f8d3f7fe700 [db/flush_job.cc:331] [usertable] [JOB 2] Level-0 flush table #11: started
2019/03/23-10:27:53.903114 7f8d3f7fe700 EVENT_LOG_v1 {"time_micros": 1553362073903084, "cf_name": "usertable", "job": 2, "event": "table_file_creation", "file_number": 11, "file_size": 244988667, "table_properties": {"data_size": 243900188, "index_size": 1087552, "filter_size": 0, "raw_key_size": 1419744, "raw_average_key_size": 24, "raw_value_size": 242302976, "raw_average_value_size": 4096, "num_data_blocks": 29578, "num_entries": 59156, "filter_policy_name": "", "kDeletedKeys": "0", "kMergeOperands": "0"}}
2019/03/23-10:27:53.903147 7f8d3f7fe700 [db/flush_job.cc:371] [usertable] [JOB 2] Level-0 flush table #11: 244988667 bytes OK
2019/03/23-10:27:53.931217 7f8d3f7fe700 (Original Log Time 2019/03/23-10:27:53.903178) [db/memtable_list.cc:377] [usertable] Level-0 commit table #11 started
2019/03/23-10:27:53.931221 7f8d3f7fe700 (Original Log Time 2019/03/23-10:27:53.931102) [db/memtable_list.cc:409] [usertable] Level-0 commit table #11: memtable #1 done
2019/03/23-10:27:53.931223 7f8d3f7fe700 (Original Log Time 2019/03/23-10:27:53.931115) [db/memtable_list.cc:409] [usertable] Level-0 commit table #11: memtable #2 done
2019/03/23-10:27:53.931225 7f8d3f7fe700 (Original Log Time 2019/03/23-10:27:53.931147) EVENT_LOG_v1 {"time_micros": 1553362073931133, "job": 2, "event": "flush_finished", "output_compression": "NoCompression", "lsm_state": [1, 0, 0, 0, 0, 0, 0], "immutable_memtables": 0}
2019/03/23-10:27:53.931226 7f8d3f7fe700 (Original Log Time 2019/03/23-10:27:53.931179) [db/db_impl_compaction_flush.cc:177] [usertable] Level summary: base level 1 max bytes base 536870912 files[1 0 0 0 0 0 0] max score 0.50
2019/03/23-10:27:53.931238 7f8d3f7fe700 [db/db_impl_files.cc:347] [JOB 2] Try to delete WAL files size 244244012, prev total WAL file size 267724543, number of live WAL files 3.
2019/03/23-10:28:00.357325 7f8d801f7700 [db/db_impl_write.cc:1373] [usertable] New memtable created with log file: #12. Immutable memtables: 0.
2019/03/23-10:28:08.218964 7f8d545f6700 [db/db_impl_write.cc:1373] [usertable] New memtable created with log file: #13. Immutable memtables: 1.
2019/03/23-10:28:08.219085 7f8d3effd700 [db/db_impl_compaction_flush.cc:80] [JOB 3] Syncing log #10
2019/03/23-10:28:09.114647 7f8d3effd700 [db/db_impl_compaction_flush.cc:80] [JOB 3] Syncing log #12
2019/03/23-10:28:10.119377 7f8d3effd700 (Original Log Time 2019/03/23-10:28:08.219047) [db/db_impl_compaction_flush.cc:1424] Calling FlushMemTableToOutputFile with column family [usertable], flush slots available 24, compaction slots available 1, flush slots scheduled 1, compaction slots scheduled 0
2019/03/23-10:28:10.119388 7f8d3effd700 [db/flush_job.cc:301] [usertable] [JOB 3] Flushing memtable with next log file: 12
2019/03/23-10:28:10.119394 7f8d3effd700 [db/flush_job.cc:301] [usertable] [JOB 3] Flushing memtable with next log file: 13
2019/03/23-10:28:10.119426 7f8d3effd700 EVENT_LOG_v1 {"time_micros": 1553362090119415, "job": 3, "event": "flush_started", "num_memtables": 2, "num_entries": 55695, "num_deletes": 0, "memory_usage": 242518512, "flush_reason": "Write Buffer Full"}
2019/03/23-10:28:10.119431 7f8d3effd700 [db/flush_job.cc:331] [usertable] [JOB 3] Level-0 flush table #14: started
2019/03/23-10:28:11.270361 7f8d3effd700 EVENT_LOG_v1 {"time_micros": 1553362091270337, "cf_name": "usertable", "job": 3, "event": "table_file_creation", "file_number": 14, "file_size": 230655349, "table_properties": {"data_size": 229630499, "index_size": 1023923, "filter_size": 0, "raw_key_size": 1336680, "raw_average_key_size": 24, "raw_value_size": 228126720, "raw_average_value_size": 4096, "num_data_blocks": 27848, "num_entries": 55695, "filter_policy_name": "", "kDeletedKeys": "0", "kMergeOperands": "0"}}
2019/03/23-10:28:11.270383 7f8d3effd700 [db/flush_job.cc:371] [usertable] [JOB 3] Level-0 flush table #14: 230655349 bytes OK
2019/03/23-10:28:11.299182 7f8d3effd700 (Original Log Time 2019/03/23-10:28:11.270398) [db/memtable_list.cc:377] [usertable] Level-0 commit table #14 started
2019/03/23-10:28:11.299185 7f8d3effd700 (Original Log Time 2019/03/23-10:28:11.299116) [db/memtable_list.cc:409] [usertable] Level-0 commit table #14: memtable #1 done
2019/03/23-10:28:11.299187 7f8d3effd700 (Original Log Time 2019/03/23-10:28:11.299118) [db/memtable_list.cc:409] [usertable] Level-0 commit table #14: memtable #2 done
2019/03/23-10:28:11.299188 7f8d3effd700 (Original Log Time 2019/03/23-10:28:11.299133) EVENT_LOG_v1 {"time_micros": 1553362091299125, "job": 3, "event": "flush_finished", "output_compression": "NoCompression", "lsm_state": [2, 0, 0, 0, 0, 0, 0], "immutable_memtables": 0}
2019/03/23-10:28:11.299190 7f8d3effd700 (Original Log Time 2019/03/23-10:28:11.299165) [db/db_impl_compaction_flush.cc:177] [usertable] Level summary: base level 1 max bytes base 536870912 files[2 0 0 0 0 0 0] max score 1.00
2019/03/23-10:28:11.299197 7f8d3effd700 [db/db_impl_files.cc:347] [JOB 3] Try to delete WAL files size 229958139, prev total WAL file size 274467151, number of live WAL files 3.
2019/03/23-10:28:11.299375 7f8d3ffff700 [WARN] [db/db_impl.cc:491] ------- DUMPING STATS -------
2019/03/23-10:28:11.299416 7f8d3ffff700 [WARN] [db/db_impl.cc:492] 
** DB Stats **
Uptime(secs): 36.0 total, 36.0 interval
Cumulative writes: 125K writes, 125K keys, 124K commit groups, 1.0 writes per commit group, ingest: 0.48 GB, 13.72 MB/s
Cumulative WAL: 125K writes, 0 syncs, 125631.00 writes per sync, written: 0.48 GB, 13.72 MB/s
Cumulative stall: 00:00:0.000 H:M:S, 0.0 percent
Interval writes: 125K writes, 125K keys, 124K commit groups, 1.0 writes per commit group, ingest: 494.69 MB, 13.72 MB/s
Interval WAL: 125K writes, 0 syncs, 125631.00 writes per sync, written: 0.48 MB, 13.72 MB/s
Interval stall: 00:00:0.000 H:M:S, 0.0 percent

** Compaction Stats [default] **
Level    Files   Size     Score Read(GB)  Rn(GB) Rnp1(GB) Write(GB) Wnew(GB) Moved(GB) W-Amp Rd(MB/s) Wr(MB/s) Comp(sec) Comp(cnt) Avg(sec) KeyIn KeyDrop
----------------------------------------------------------------------------------------------------------------------------------------------------------
 Sum      0/0    0.00 KB   0.0      0.0     0.0      0.0       0.0      0.0       0.0   0.0      0.0      0.0         0         0    0.000       0      0
 Int      0/0    0.00 KB   0.0      0.0     0.0      0.0       0.0      0.0       0.0   0.0      0.0      0.0         0         0    0.000       0      0
Uptime(secs): 36.0 total, 36.0 interval
Flush(GB): cumulative 0.000, interval 0.000
AddFile(GB): cumulative 0.000, interval 0.000
AddFile(Total Files): cumulative 0, interval 0
AddFile(L0 Files): cumulative 0, interval 0
AddFile(Keys): cumulative 0, interval 0
Cumulative compaction: 0.00 GB write, 0.00 MB/s write, 0.00 GB read, 0.00 MB/s read, 0.0 seconds
Interval compaction: 0.00 GB write, 0.00 MB/s write, 0.00 GB read, 0.00 MB/s read, 0.0 seconds
Stalls(count): 0 level0_slowdown, 0 level0_slowdown_with_compaction, 0 level0_numfiles, 0 level0_numfiles_with_compaction, 0 stop for pending_compaction_bytes, 0 slowdown for pending_compaction_bytes, 0 memtable_compaction, 0 memtable_slowdown, interval 0 total count

** File Read Latency Histogram By Level [default] **

** Compaction Stats [usertable] **
Level    Files   Size     Score Read(GB)  Rn(GB) Rnp1(GB) Write(GB) Wnew(GB) Moved(GB) W-Amp Rd(MB/s) Wr(MB/s) Comp(sec) Comp(cnt) Avg(sec) KeyIn KeyDrop
----------------------------------------------------------------------------------------------------------------------------------------------------------
  L0      2/0   453.61 MB   1.0      0.0     0.0      0.0       0.4      0.4       0.0   1.0      0.0    223.2         2         2    1.016       0      0
 Sum      2/0   453.61 MB   0.0      0.0     0.0      0.0       0.4      0.4       0.0   1.0      0.0    223.2         2         2    1.016       0      0
 Int      0/0    0.00 KB   0.0      0.0     0.0      0.0       0.4      0.4       0.0   1.0      0.0    223.2         2         2    1.016       0      0
Uptime(secs): 36.0 total, 36.0 interval
Flush(GB): cumulative 0.443, interval 0.443
AddFile(GB): cumulative 0.000, interval 0.000
AddFile(Total Files): cumulative 0, interval 0
AddFile(L0 Files): cumulative 0, interval 0
AddFile(Keys): cumulative 0, interval 0
Cumulative compaction: 0.44 GB write, 12.61 MB/s write, 0.00 GB read, 0.00 MB/s read, 2.0 seconds
Interval compaction: 0.44 GB write, 12.61 MB/s write, 0.00 GB read, 0.00 MB/s read, 2.0 seconds
Stalls(count): 0 level0_slowdown, 0 level0_slowdown_with_compaction, 0 level0_numfiles, 0 level0_numfiles_with_compaction, 0 stop for pending_compaction_bytes, 0 slowdown for pending_compaction_bytes, 0 memtable_compaction, 0 memtable_slowdown, interval 0 total count

** File Read Latency Histogram By Level [usertable] **

** Compaction Stats [default] **
Level    Files   Size     Score Read(GB)  Rn(GB) Rnp1(GB) Write(GB) Wnew(GB) Moved(GB) W-Amp Rd(MB/s) Wr(MB/s) Comp(sec) Comp(cnt) Avg(sec) KeyIn KeyDrop
----------------------------------------------------------------------------------------------------------------------------------------------------------
 Sum      0/0    0.00 KB   0.0      0.0     0.0      0.0       0.0      0.0       0.0   0.0      0.0      0.0         0         0    0.000       0      0
 Int      0/0    0.00 KB   0.0      0.0     0.0      0.0       0.0      0.0       0.0   0.0      0.0      0.0         0         0    0.000       0      0
Uptime(secs): 36.0 total, 0.0 interval
Flush(GB): cumulative 0.000, interval 0.000
AddFile(GB): cumulative 0.000, interval 0.000
AddFile(Total Files): cumulative 0, interval 0
AddFile(L0 Files): cumulative 0, interval 0
AddFile(Keys): cumulative 0, interval 0
Cumulative compaction: 0.00 GB write, 0.00 MB/s write, 0.00 GB read, 0.00 MB/s read, 0.0 seconds
Interval compaction: 0.00 GB write, 0.00 MB/s write, 0.00 GB read, 0.00 MB/s read, 0.0 seconds
Stalls(count): 0 level0_slowdown, 0 level0_slowdown_with_compaction, 0 level0_numfiles, 0 level0_numfiles_with_compaction, 0 stop for pending_compaction_bytes, 0 slowdown for pending_compaction_bytes, 0 memtable_compaction, 0 memtable_slowdown, interval 0 total count

** File Read Latency Histogram By Level [default] **

** Compaction Stats [usertable] **
Level    Files   Size     Score Read(GB)  Rn(GB) Rnp1(GB) Write(GB) Wnew(GB) Moved(GB) W-Amp Rd(MB/s) Wr(MB/s) Comp(sec) Comp(cnt) Avg(sec) KeyIn KeyDrop
----------------------------------------------------------------------------------------------------------------------------------------------------------
  L0      2/0   453.61 MB   1.0      0.0     0.0      0.0       0.4      0.4       0.0   1.0      0.0    223.2         2         2    1.016       0      0
 Sum      2/0   453.61 MB   0.0      0.0     0.0      0.0       0.4      0.4       0.0   1.0      0.0    223.2         2         2    1.016       0      0
 Int      0/0    0.00 KB   0.0      0.0     0.0      0.0       0.0      0.0       0.0   0.0      0.0      0.0         0         0    0.000       0      0
Uptime(secs): 36.0 total, 0.0 interval
Flush(GB): cumulative 0.443, interval 0.000
AddFile(GB): cumulative 0.000, interval 0.000
AddFile(Total Files): cumulative 0, interval 0
AddFile(L0 Files): cumulative 0, interval 0
AddFile(Keys): cumulative 0, interval 0
Cumulative compaction: 0.44 GB write, 12.61 MB/s write, 0.00 GB read, 0.00 MB/s read, 2.0 seconds
Interval compaction: 0.00 GB write, 0.00 MB/s write, 0.00 GB read, 0.00 MB/s read, 0.0 seconds
Stalls(count): 0 level0_slowdown, 0 level0_slowdown_with_compaction, 0 level0_numfiles, 0 level0_numfiles_with_compaction, 0 stop for pending_compaction_bytes, 0 slowdown for pending_compaction_bytes, 0 memtable_compaction, 0 memtable_slowdown, interval 0 total count

** File Read Latency Histogram By Level [usertable] **
2019/03/23-10:28:11.299513 7f8d3ffff700 [db/compaction_job.cc:1531] [usertable] [JOB 4] Compacting 2@0 files to L1, score 1.00
2019/03/23-10:28:11.299520 7f8d3ffff700 [db/compaction_job.cc:1535] [usertable] Compaction start summary: Base version 4 Base level 0, inputs: [14(219MB) 11(233MB)]
2019/03/23-10:28:11.299540 7f8d3ffff700 EVENT_LOG_v1 {"time_micros": 1553362091299526, "job": 4, "event": "compaction_started", "compaction_reason": "LevelL0FilesNum", "files_L0": [14, 11], "score": 1, "input_data_size": 475644016}
2019/03/23-10:28:11.603656 7f8d3ffff700 [db/compaction_job.cc:1211] [usertable] [JOB 4] Generated table #15: 16279 keys, 67418362 bytes
2019/03/23-10:28:11.603707 7f8d3ffff700 EVENT_LOG_v1 {"time_micros": 1553362091603689, "cf_name": "usertable", "job": 4, "event": "table_file_creation", "file_number": 15, "file_size": 67418362, "table_properties": {"data_size": 67118331, "index_size": 299110, "filter_size": 0, "raw_key_size": 390696, "raw_average_key_size": 24, "raw_value_size": 66678784, "raw_average_value_size": 4096, "num_data_blocks": 8140, "num_entries": 16279, "filter_policy_name": "", "kDeletedKeys": "0", "kMergeOperands": "0"}}
2019/03/23-10:28:11.888816 7f8d3ffff700 [db/compaction_job.cc:1211] [usertable] [JOB 4] Generated table #16: 16279 keys, 67421977 bytes
2019/03/23-10:28:11.888855 7f8d3ffff700 EVENT_LOG_v1 {"time_micros": 1553362091888839, "cf_name": "usertable", "job": 4, "event": "table_file_creation", "file_number": 16, "file_size": 67421977, "table_properties": {"data_size": 67120140, "index_size": 300916, "filter_size": 0, "raw_key_size": 390696, "raw_average_key_size": 24, "raw_value_size": 66678784, "raw_average_value_size": 4096, "num_data_blocks": 8140, "num_entries": 16279, "filter_policy_name": "", "kDeletedKeys": "0", "kMergeOperands": "0"}}
2019/03/23-10:28:12.175053 7f8d3ffff700 [db/compaction_job.cc:1211] [usertable] [JOB 4] Generated table #17: 16279 keys, 67418360 bytes
2019/03/23-10:28:12.175087 7f8d3ffff700 EVENT_LOG_v1 {"time_micros": 1553362092175071, "cf_name": "usertable", "job": 4, "event": "table_file_creation", "file_number": 17, "file_size": 67418360, "table_properties": {"data_size": 67118331, "index_size": 299108, "filter_size": 0, "raw_key_size": 390696, "raw_average_key_size": 24, "raw_value_size": 66678784, "raw_average_value_size": 4096, "num_data_blocks": 8140, "num_entries": 16279, "filter_policy_name": "", "kDeletedKeys": "0", "kMergeOperands": "0"}}
2019/03/23-10:28:12.459566 7f8d3ffff700 [db/compaction_job.cc:1211] [usertable] [JOB 4] Generated table #18: 16279 keys, 67421978 bytes
2019/03/23-10:28:12.459616 7f8d3ffff700 EVENT_LOG_v1 {"time_micros": 1553362092459591, "cf_name": "usertable", "job": 4, "event": "table_file_creation", "file_number": 18, "file_size": 67421978, "table_properties": {"data_size": 67120141, "index_size": 300916, "filter_size": 0, "raw_key_size": 390696, "raw_average_key_size": 24, "raw_value_size": 66678784, "raw_average_value_size": 4096, "num_data_blocks": 8140, "num_entries": 16279, "filter_policy_name": "", "kDeletedKeys": "0", "kMergeOperands": "0"}}
2019/03/23-10:28:12.981283 7f8d3ffff700 [db/compaction_job.cc:1211] [usertable] [JOB 4] Generated table #19: 16279 keys, 67418360 bytes
