2019/03/23-12:27:33.753951 7f2c359ee700 RocksDB version: 5.14.3
2019/03/23-12:27:33.754009 7f2c359ee700 Git sha rocksdb_build_git_sha:
2019/03/23-12:27:33.754012 7f2c359ee700 Compile date Oct  9 2018
2019/03/23-12:27:33.754022 7f2c359ee700 DB SUMMARY
2019/03/23-12:27:33.754049 7f2c359ee700 SST files in /mnt/sdf/ycsb-rocksdb-data dir, Total Num: 0, files: 
2019/03/23-12:27:33.754054 7f2c359ee700 Write Ahead Log file in /mnt/sdf/ycsb-rocksdb-data: 
2019/03/23-12:27:33.754058 7f2c359ee700                         Options.error_if_exists: 0
2019/03/23-12:27:33.754059 7f2c359ee700                       Options.create_if_missing: 1
2019/03/23-12:27:33.754060 7f2c359ee700                         Options.paranoid_checks: 1
2019/03/23-12:27:33.754061 7f2c359ee700                                     Options.env: 0x7f2c35069080
2019/03/23-12:27:33.754062 7f2c359ee700                                Options.info_log: 0x7f2b543c81d0
2019/03/23-12:27:33.754063 7f2c359ee700                Options.max_file_opening_threads: 16
2019/03/23-12:27:33.754064 7f2c359ee700                              Options.statistics: (nil)
2019/03/23-12:27:33.754065 7f2c359ee700                               Options.use_fsync: 0
2019/03/23-12:27:33.754066 7f2c359ee700                       Options.max_log_file_size: 0
2019/03/23-12:27:33.754067 7f2c359ee700                  Options.max_manifest_file_size: 18446744073709551615
2019/03/23-12:27:33.754068 7f2c359ee700                   Options.log_file_time_to_roll: 0
2019/03/23-12:27:33.754069 7f2c359ee700                       Options.keep_log_file_num: 1000
2019/03/23-12:27:33.754069 7f2c359ee700                    Options.recycle_log_file_num: 0
2019/03/23-12:27:33.754070 7f2c359ee700                         Options.allow_fallocate: 1
2019/03/23-12:27:33.754071 7f2c359ee700                        Options.allow_mmap_reads: 0
2019/03/23-12:27:33.754072 7f2c359ee700                       Options.allow_mmap_writes: 0
2019/03/23-12:27:33.754073 7f2c359ee700                        Options.use_direct_reads: 0
2019/03/23-12:27:33.754074 7f2c359ee700                        Options.use_direct_io_for_flush_and_compaction: 0
2019/03/23-12:27:33.754075 7f2c359ee700          Options.create_missing_column_families: 1
2019/03/23-12:27:33.754076 7f2c359ee700                              Options.db_log_dir: 
2019/03/23-12:27:33.754077 7f2c359ee700                                 Options.wal_dir: /mnt/sdf/ycsb-rocksdb-data
2019/03/23-12:27:33.754078 7f2c359ee700                Options.table_cache_numshardbits: 6
2019/03/23-12:27:33.754078 7f2c359ee700                      Options.max_subcompactions: 4
2019/03/23-12:27:33.754079 7f2c359ee700                  Options.max_background_flushes: 24
2019/03/23-12:27:33.754080 7f2c359ee700                         Options.WAL_ttl_seconds: 0
2019/03/23-12:27:33.754081 7f2c359ee700                       Options.WAL_size_limit_MB: 0
2019/03/23-12:27:33.754082 7f2c359ee700             Options.manifest_preallocation_size: 4194304
2019/03/23-12:27:33.754083 7f2c359ee700                     Options.is_fd_close_on_exec: 1
2019/03/23-12:27:33.754084 7f2c359ee700                   Options.advise_random_on_open: 1
2019/03/23-12:27:33.754085 7f2c359ee700                    Options.db_write_buffer_size: 0
2019/03/23-12:27:33.754086 7f2c359ee700                    Options.write_buffer_manager: 0x7f2b543cb1d0
2019/03/23-12:27:33.754086 7f2c359ee700         Options.access_hint_on_compaction_start: 1
2019/03/23-12:27:33.754087 7f2c359ee700  Options.new_table_reader_for_compaction_inputs: 0
2019/03/23-12:27:33.754088 7f2c359ee700           Options.random_access_max_buffer_size: 1048576
2019/03/23-12:27:33.754089 7f2c359ee700                      Options.use_adaptive_mutex: 0
2019/03/23-12:27:33.754090 7f2c359ee700                            Options.rate_limiter: (nil)
2019/03/23-12:27:33.754092 7f2c359ee700     Options.sst_file_manager.rate_bytes_per_sec: 0
2019/03/23-12:27:33.754093 7f2c359ee700                       Options.wal_recovery_mode: 2
2019/03/23-12:27:33.754094 7f2c359ee700                  Options.enable_thread_tracking: 0
2019/03/23-12:27:33.754094 7f2c359ee700                  Options.enable_pipelined_write: 1
2019/03/23-12:27:33.754104 7f2c359ee700         Options.allow_concurrent_memtable_write: 1
2019/03/23-12:27:33.754105 7f2c359ee700      Options.enable_write_thread_adaptive_yield: 1
2019/03/23-12:27:33.754106 7f2c359ee700             Options.write_thread_max_yield_usec: 100
2019/03/23-12:27:33.754107 7f2c359ee700            Options.write_thread_slow_yield_usec: 3
2019/03/23-12:27:33.754108 7f2c359ee700                               Options.row_cache: None
2019/03/23-12:27:33.754109 7f2c359ee700                              Options.wal_filter: None
2019/03/23-12:27:33.754110 7f2c359ee700             Options.avoid_flush_during_recovery: 0
2019/03/23-12:27:33.754111 7f2c359ee700             Options.allow_ingest_behind: 0
2019/03/23-12:27:33.754112 7f2c359ee700             Options.preserve_deletes: 0
2019/03/23-12:27:33.754112 7f2c359ee700             Options.two_write_queues: 0
2019/03/23-12:27:33.754113 7f2c359ee700             Options.manual_wal_flush: 0
2019/03/23-12:27:33.754115 7f2c359ee700             Options.max_background_jobs: 24
2019/03/23-12:27:33.754116 7f2c359ee700             Options.max_background_compactions: 24
2019/03/23-12:27:33.754117 7f2c359ee700             Options.avoid_flush_during_shutdown: 0
2019/03/23-12:27:33.754118 7f2c359ee700           Options.writable_file_max_buffer_size: 1048576
2019/03/23-12:27:33.754119 7f2c359ee700             Options.delayed_write_rate : 16777216
2019/03/23-12:27:33.754120 7f2c359ee700             Options.max_total_wal_size: 0
2019/03/23-12:27:33.754121 7f2c359ee700             Options.delete_obsolete_files_period_micros: 21600000000
2019/03/23-12:27:33.754122 7f2c359ee700                   Options.stats_dump_period_sec: 60
2019/03/23-12:27:33.754123 7f2c359ee700                          Options.max_open_files: -1
2019/03/23-12:27:33.754124 7f2c359ee700                          Options.bytes_per_sync: 1048576
2019/03/23-12:27:33.754125 7f2c359ee700                      Options.wal_bytes_per_sync: 0
2019/03/23-12:27:33.754126 7f2c359ee700       Options.compaction_readahead_size: 0
2019/03/23-12:27:33.754127 7f2c359ee700 Compression algorithms supported:
2019/03/23-12:27:33.754129 7f2c359ee700 	kZSTDNotFinalCompression supported: 1
2019/03/23-12:27:33.754137 7f2c359ee700 	kZSTD supported: 1
2019/03/23-12:27:33.754138 7f2c359ee700 	kXpressCompression supported: 0
2019/03/23-12:27:33.754139 7f2c359ee700 	kLZ4HCCompression supported: 1
2019/03/23-12:27:33.754141 7f2c359ee700 	kLZ4Compression supported: 1
2019/03/23-12:27:33.754141 7f2c359ee700 	kBZip2Compression supported: 1
2019/03/23-12:27:33.754143 7f2c359ee700 	kZlibCompression supported: 1
2019/03/23-12:27:33.754144 7f2c359ee700 	kSnappyCompression supported: 1
2019/03/23-12:27:33.754148 7f2c359ee700 Fast CRC32 supported: Not supported on x86
2019/03/23-12:27:33.754228 7f2c359ee700 [db/db_impl_open.cc:222] Creating manifest 1 
2019/03/23-12:27:33.852967 7f2c359ee700 [db/version_set.cc:3085] Recovering from manifest file: MANIFEST-000001
2019/03/23-12:27:33.853089 7f2c359ee700 [db/column_family.cc:475] --------------- Options for column family [default]:
2019/03/23-12:27:33.853094 7f2c359ee700               Options.comparator: leveldb.BytewiseComparator
2019/03/23-12:27:33.853095 7f2c359ee700           Options.merge_operator: None
2019/03/23-12:27:33.853097 7f2c359ee700        Options.compaction_filter: None
2019/03/23-12:27:33.853098 7f2c359ee700        Options.compaction_filter_factory: None
2019/03/23-12:27:33.853099 7f2c359ee700         Options.memtable_factory: SkipListFactory
2019/03/23-12:27:33.853100 7f2c359ee700            Options.table_factory: BlockBasedTable
2019/03/23-12:27:33.853132 7f2c359ee700            table_factory options:   flush_block_policy_factory: FlushBlockBySizePolicyFactory (0x7f2b543c4780)
  cache_index_and_filter_blocks: 0
  cache_index_and_filter_blocks_with_high_priority: 0
  pin_l0_filter_and_index_blocks_in_cache: 0
  index_type: 0
  hash_index_allow_collision: 1
  checksum: 1
  no_block_cache: 0
  block_cache: 0x7f2b543b6650
  block_cache_name: LRUCache
  block_cache_options:
    capacity : 8388608
    num_shard_bits : 4
    strict_capacity_limit : 0
    high_pri_pool_ratio: 0.000
  block_cache_compressed: (nil)
  persistent_cache: (nil)
  block_size: 8192
  block_size_deviation: 10
  block_restart_interval: 16
  index_block_restart_interval: 1
  metadata_block_size: 4096
  partition_filters: 0
  use_delta_encoding: 1
  filter_policy: nullptr
  whole_key_filtering: 1
  verify_compression: 0
  read_amp_bytes_per_bit: 0
  format_version: 2
  enable_index_compression: 1
  block_align: 0
2019/03/23-12:27:33.853152 7f2c359ee700        Options.write_buffer_size: 134217728
2019/03/23-12:27:33.853154 7f2c359ee700  Options.max_write_buffer_number: 24
2019/03/23-12:27:33.853155 7f2c359ee700        Options.compression[0]: NoCompression
2019/03/23-12:27:33.853157 7f2c359ee700        Options.compression[1]: NoCompression
2019/03/23-12:27:33.853158 7f2c359ee700        Options.compression[2]: LZ4
2019/03/23-12:27:33.853159 7f2c359ee700        Options.compression[3]: LZ4
2019/03/23-12:27:33.853160 7f2c359ee700        Options.compression[4]: LZ4
2019/03/23-12:27:33.853162 7f2c359ee700        Options.compression[5]: LZ4
2019/03/23-12:27:33.853163 7f2c359ee700        Options.compression[6]: LZ4
2019/03/23-12:27:33.853164 7f2c359ee700                  Options.bottommost_compression: Disabled
2019/03/23-12:27:33.853165 7f2c359ee700       Options.prefix_extractor: nullptr
2019/03/23-12:27:33.853166 7f2c359ee700   Options.memtable_insert_with_hint_prefix_extractor: nullptr
2019/03/23-12:27:33.853166 7f2c359ee700             Options.num_levels: 7
2019/03/23-12:27:33.853167 7f2c359ee700        Options.min_write_buffer_number_to_merge: 2
2019/03/23-12:27:33.853169 7f2c359ee700     Options.max_write_buffer_number_to_maintain: 0
2019/03/23-12:27:33.853169 7f2c359ee700            Options.compression_opts.window_bits: -14
2019/03/23-12:27:33.853170 7f2c359ee700                  Options.compression_opts.level: -1
2019/03/23-12:27:33.853171 7f2c359ee700               Options.compression_opts.strategy: 0
2019/03/23-12:27:33.853172 7f2c359ee700         Options.compression_opts.max_dict_bytes: 0
2019/03/23-12:27:33.853173 7f2c359ee700         Options.compression_opts.zstd_max_train_bytes: 0
2019/03/23-12:27:33.853174 7f2c359ee700      Options.level0_file_num_compaction_trigger: 2
2019/03/23-12:27:33.853175 7f2c359ee700          Options.level0_slowdown_writes_trigger: 20
2019/03/23-12:27:33.853176 7f2c359ee700              Options.level0_stop_writes_trigger: 36
2019/03/23-12:27:33.853177 7f2c359ee700                   Options.target_file_size_base: 67108864
2019/03/23-12:27:33.853177 7f2c359ee700             Options.target_file_size_multiplier: 1
2019/03/23-12:27:33.853178 7f2c359ee700                Options.max_bytes_for_level_base: 536870912
2019/03/23-12:27:33.853179 7f2c359ee700 Options.level_compaction_dynamic_level_bytes: 0
2019/03/23-12:27:33.853180 7f2c359ee700          Options.max_bytes_for_level_multiplier: 10.000000
2019/03/23-12:27:33.853183 7f2c359ee700 Options.max_bytes_for_level_multiplier_addtl[0]: 1
2019/03/23-12:27:33.853184 7f2c359ee700 Options.max_bytes_for_level_multiplier_addtl[1]: 1
2019/03/23-12:27:33.853185 7f2c359ee700 Options.max_bytes_for_level_multiplier_addtl[2]: 1
2019/03/23-12:27:33.853186 7f2c359ee700 Options.max_bytes_for_level_multiplier_addtl[3]: 1
2019/03/23-12:27:33.853187 7f2c359ee700 Options.max_bytes_for_level_multiplier_addtl[4]: 1
2019/03/23-12:27:33.853188 7f2c359ee700 Options.max_bytes_for_level_multiplier_addtl[5]: 1
2019/03/23-12:27:33.853189 7f2c359ee700 Options.max_bytes_for_level_multiplier_addtl[6]: 1
2019/03/23-12:27:33.853190 7f2c359ee700       Options.max_sequential_skip_in_iterations: 8
2019/03/23-12:27:33.853190 7f2c359ee700                    Options.max_compaction_bytes: 1677721600
2019/03/23-12:27:33.853191 7f2c359ee700                        Options.arena_block_size: 16777216
2019/03/23-12:27:33.853192 7f2c359ee700   Options.soft_pending_compaction_bytes_limit: 68719476736
2019/03/23-12:27:33.853193 7f2c359ee700   Options.hard_pending_compaction_bytes_limit: 274877906944
2019/03/23-12:27:33.853201 7f2c359ee700       Options.rate_limit_delay_max_milliseconds: 100
2019/03/23-12:27:33.853202 7f2c359ee700                Options.disable_auto_compactions: 0
2019/03/23-12:27:33.853204 7f2c359ee700                        Options.compaction_style: kCompactionStyleLevel
2019/03/23-12:27:33.853206 7f2c359ee700                          Options.compaction_pri: kByCompensatedSize
2019/03/23-12:27:33.853207 7f2c359ee700 Options.compaction_options_universal.size_ratio: 1
2019/03/23-12:27:33.853208 7f2c359ee700 Options.compaction_options_universal.min_merge_width: 2
2019/03/23-12:27:33.853208 7f2c359ee700 Options.compaction_options_universal.max_merge_width: 4294967295
2019/03/23-12:27:33.853209 7f2c359ee700 Options.compaction_options_universal.max_size_amplification_percent: 200
2019/03/23-12:27:33.853210 7f2c359ee700 Options.compaction_options_universal.compression_size_percent: -1
2019/03/23-12:27:33.853212 7f2c359ee700 Options.compaction_options_universal.stop_style: kCompactionStopStyleTotalSize
2019/03/23-12:27:33.853213 7f2c359ee700 Options.compaction_options_fifo.max_table_files_size: 1073741824
2019/03/23-12:27:33.853214 7f2c359ee700 Options.compaction_options_fifo.allow_compaction: 0
2019/03/23-12:27:33.853215 7f2c359ee700 Options.compaction_options_fifo.ttl: 0
2019/03/23-12:27:33.853216 7f2c359ee700                   Options.table_properties_collectors: 
2019/03/23-12:27:33.853217 7f2c359ee700                   Options.inplace_update_support: 0
2019/03/23-12:27:33.853218 7f2c359ee700                 Options.inplace_update_num_locks: 10000
2019/03/23-12:27:33.853219 7f2c359ee700               Options.memtable_prefix_bloom_size_ratio: 0.000000
2019/03/23-12:27:33.853220 7f2c359ee700   Options.memtable_huge_page_size: 0
2019/03/23-12:27:33.853221 7f2c359ee700                           Options.bloom_locality: 0
2019/03/23-12:27:33.853222 7f2c359ee700                    Options.max_successive_merges: 0
2019/03/23-12:27:33.853223 7f2c359ee700                Options.optimize_filters_for_hits: 0
2019/03/23-12:27:33.853224 7f2c359ee700                Options.paranoid_file_checks: 0
2019/03/23-12:27:33.853224 7f2c359ee700                Options.force_consistency_checks: 0
2019/03/23-12:27:33.853225 7f2c359ee700                Options.report_bg_io_stats: 0
2019/03/23-12:27:33.853226 7f2c359ee700                               Options.ttl: 0
2019/03/23-12:27:33.853966 7f2c359ee700 [db/version_set.cc:3361] Recovered from manifest file:/mnt/sdf/ycsb-rocksdb-data/MANIFEST-000001 succeeded,manifest_file_number is 1, next_file_number is 3, last_sequence is 0, log_number is 0,prev_log_number is 0,max_column_family is 0,min_log_number_to_keep is 0
2019/03/23-12:27:33.853977 7f2c359ee700 [db/version_set.cc:3369] Column family [default] (ID 0), log number is 0
2019/03/23-12:27:33.854256 7f2c359ee700 [db/version_set.cc:2847] Creating manifest 4
2019/03/23-12:27:33.924879 7f2c359ee700 [db/column_family.cc:475] --------------- Options for column family [usertable]:
2019/03/23-12:27:33.924890 7f2c359ee700               Options.comparator: leveldb.BytewiseComparator
2019/03/23-12:27:33.924891 7f2c359ee700           Options.merge_operator: None
2019/03/23-12:27:33.924893 7f2c359ee700        Options.compaction_filter: None
2019/03/23-12:27:33.924894 7f2c359ee700        Options.compaction_filter_factory: None
2019/03/23-12:27:33.924895 7f2c359ee700         Options.memtable_factory: SkipListFactory
2019/03/23-12:27:33.924896 7f2c359ee700            Options.table_factory: BlockBasedTable
2019/03/23-12:27:33.924930 7f2c359ee700            table_factory options:   flush_block_policy_factory: FlushBlockBySizePolicyFactory (0x7f2b543c4c10)
  cache_index_and_filter_blocks: 0
  cache_index_and_filter_blocks_with_high_priority: 0
  pin_l0_filter_and_index_blocks_in_cache: 0
  index_type: 0
  hash_index_allow_collision: 1
  checksum: 1
  no_block_cache: 0
  block_cache: 0x7f2b543b7cb0
  block_cache_name: LRUCache
  block_cache_options:
    capacity : 8388608
    num_shard_bits : 4
    strict_capacity_limit : 0
    high_pri_pool_ratio: 0.000
  block_cache_compressed: (nil)
  persistent_cache: (nil)
  block_size: 8192
  block_size_deviation: 10
  block_restart_interval: 16
  index_block_restart_interval: 1
  metadata_block_size: 4096
  partition_filters: 0
  use_delta_encoding: 1
  filter_policy: nullptr
  whole_key_filtering: 1
  verify_compression: 0
  read_amp_bytes_per_bit: 0
  format_version: 2
  enable_index_compression: 1
  block_align: 0
2019/03/23-12:27:33.924935 7f2c359ee700        Options.write_buffer_size: 134217728
2019/03/23-12:27:33.924936 7f2c359ee700  Options.max_write_buffer_number: 24
2019/03/23-12:27:33.924937 7f2c359ee700        Options.compression[0]: NoCompression
2019/03/23-12:27:33.924939 7f2c359ee700        Options.compression[1]: NoCompression
2019/03/23-12:27:33.924940 7f2c359ee700        Options.compression[2]: LZ4
2019/03/23-12:27:33.924941 7f2c359ee700        Options.compression[3]: LZ4
2019/03/23-12:27:33.924942 7f2c359ee700        Options.compression[4]: LZ4
2019/03/23-12:27:33.924943 7f2c359ee700        Options.compression[5]: LZ4
2019/03/23-12:27:33.924945 7f2c359ee700        Options.compression[6]: LZ4
2019/03/23-12:27:33.924946 7f2c359ee700                  Options.bottommost_compression: Disabled
2019/03/23-12:27:33.924946 7f2c359ee700       Options.prefix_extractor: nullptr
2019/03/23-12:27:33.924947 7f2c359ee700   Options.memtable_insert_with_hint_prefix_extractor: nullptr
2019/03/23-12:27:33.924949 7f2c359ee700             Options.num_levels: 7
2019/03/23-12:27:33.924949 7f2c359ee700        Options.min_write_buffer_number_to_merge: 2
2019/03/23-12:27:33.924950 7f2c359ee700     Options.max_write_buffer_number_to_maintain: 0
2019/03/23-12:27:33.924951 7f2c359ee700            Options.compression_opts.window_bits: -14
2019/03/23-12:27:33.924952 7f2c359ee700                  Options.compression_opts.level: -1
2019/03/23-12:27:33.924953 7f2c359ee700               Options.compression_opts.strategy: 0
2019/03/23-12:27:33.924954 7f2c359ee700         Options.compression_opts.max_dict_bytes: 0
2019/03/23-12:27:33.924955 7f2c359ee700         Options.compression_opts.zstd_max_train_bytes: 0
2019/03/23-12:27:33.924956 7f2c359ee700      Options.level0_file_num_compaction_trigger: 2
2019/03/23-12:27:33.924957 7f2c359ee700          Options.level0_slowdown_writes_trigger: 20
2019/03/23-12:27:33.924958 7f2c359ee700              Options.level0_stop_writes_trigger: 36
2019/03/23-12:27:33.924967 7f2c359ee700                   Options.target_file_size_base: 67108864
2019/03/23-12:27:33.924968 7f2c359ee700             Options.target_file_size_multiplier: 1
2019/03/23-12:27:33.924969 7f2c359ee700                Options.max_bytes_for_level_base: 536870912
2019/03/23-12:27:33.924970 7f2c359ee700 Options.level_compaction_dynamic_level_bytes: 0
2019/03/23-12:27:33.924971 7f2c359ee700          Options.max_bytes_for_level_multiplier: 10.000000
2019/03/23-12:27:33.924975 7f2c359ee700 Options.max_bytes_for_level_multiplier_addtl[0]: 1
2019/03/23-12:27:33.924987 7f2c359ee700 Options.max_bytes_for_level_multiplier_addtl[1]: 1
2019/03/23-12:27:33.924989 7f2c359ee700 Options.max_bytes_for_level_multiplier_addtl[2]: 1
2019/03/23-12:27:33.924990 7f2c359ee700 Options.max_bytes_for_level_multiplier_addtl[3]: 1
2019/03/23-12:27:33.924991 7f2c359ee700 Options.max_bytes_for_level_multiplier_addtl[4]: 1
2019/03/23-12:27:33.924992 7f2c359ee700 Options.max_bytes_for_level_multiplier_addtl[5]: 1
2019/03/23-12:27:33.924993 7f2c359ee700 Options.max_bytes_for_level_multiplier_addtl[6]: 1
2019/03/23-12:27:33.924993 7f2c359ee700       Options.max_sequential_skip_in_iterations: 8
2019/03/23-12:27:33.924994 7f2c359ee700                    Options.max_compaction_bytes: 1677721600
2019/03/23-12:27:33.924995 7f2c359ee700                        Options.arena_block_size: 16777216
2019/03/23-12:27:33.924996 7f2c359ee700   Options.soft_pending_compaction_bytes_limit: 68719476736
2019/03/23-12:27:33.924997 7f2c359ee700   Options.hard_pending_compaction_bytes_limit: 274877906944
2019/03/23-12:27:33.924998 7f2c359ee700       Options.rate_limit_delay_max_milliseconds: 100
2019/03/23-12:27:33.924999 7f2c359ee700                Options.disable_auto_compactions: 0
2019/03/23-12:27:33.925001 7f2c359ee700                        Options.compaction_style: kCompactionStyleLevel
2019/03/23-12:27:33.925002 7f2c359ee700                          Options.compaction_pri: kByCompensatedSize
2019/03/23-12:27:33.925003 7f2c359ee700 Options.compaction_options_universal.size_ratio: 1
2019/03/23-12:27:33.925004 7f2c359ee700 Options.compaction_options_universal.min_merge_width: 2
2019/03/23-12:27:33.925005 7f2c359ee700 Options.compaction_options_universal.max_merge_width: 4294967295
2019/03/23-12:27:33.925006 7f2c359ee700 Options.compaction_options_universal.max_size_amplification_percent: 200
2019/03/23-12:27:33.925007 7f2c359ee700 Options.compaction_options_universal.compression_size_percent: -1
2019/03/23-12:27:33.925008 7f2c359ee700 Options.compaction_options_universal.stop_style: kCompactionStopStyleTotalSize
2019/03/23-12:27:33.925009 7f2c359ee700 Options.compaction_options_fifo.max_table_files_size: 1073741824
2019/03/23-12:27:33.925010 7f2c359ee700 Options.compaction_options_fifo.allow_compaction: 0
2019/03/23-12:27:33.925011 7f2c359ee700 Options.compaction_options_fifo.ttl: 0
2019/03/23-12:27:33.925012 7f2c359ee700                   Options.table_properties_collectors: 
2019/03/23-12:27:33.925013 7f2c359ee700                   Options.inplace_update_support: 0
2019/03/23-12:27:33.925013 7f2c359ee700                 Options.inplace_update_num_locks: 10000
2019/03/23-12:27:33.925014 7f2c359ee700               Options.memtable_prefix_bloom_size_ratio: 0.000000
2019/03/23-12:27:33.925016 7f2c359ee700   Options.memtable_huge_page_size: 0
2019/03/23-12:27:33.925017 7f2c359ee700                           Options.bloom_locality: 0
2019/03/23-12:27:33.925018 7f2c359ee700                    Options.max_successive_merges: 0
2019/03/23-12:27:33.925018 7f2c359ee700                Options.optimize_filters_for_hits: 0
2019/03/23-12:27:33.925019 7f2c359ee700                Options.paranoid_file_checks: 0
2019/03/23-12:27:33.925020 7f2c359ee700                Options.force_consistency_checks: 0
2019/03/23-12:27:33.925021 7f2c359ee700                Options.report_bg_io_stats: 0
2019/03/23-12:27:33.925022 7f2c359ee700                               Options.ttl: 0
2019/03/23-12:27:33.925093 7f2c359ee700 [db/db_impl.cc:1396] Created column family [usertable] (ID 1)
2019/03/23-12:27:33.999436 7f2c359ee700 [db/db_impl_open.cc:1219] DB pointer 0x7f2b543ca180
2019/03/23-12:27:42.249619 7f2c0c7f8700 [db/db_impl_write.cc:1373] [usertable] New memtable created with log file: #9. Immutable memtables: 0.
2019/03/23-12:27:50.569810 7f2c1c6f7700 [db/db_impl_write.cc:1373] [usertable] New memtable created with log file: #10. Immutable memtables: 1.
2019/03/23-12:27:50.570010 7f2be5ffb700 [db/db_impl_compaction_flush.cc:80] [JOB 2] Syncing log #3
2019/03/23-12:27:50.776670 7f2be5ffb700 [db/db_impl_compaction_flush.cc:80] [JOB 2] Syncing log #9
2019/03/23-12:27:51.244792 7f2be5ffb700 (Original Log Time 2019/03/23-12:27:50.569936) [db/db_impl_compaction_flush.cc:1424] Calling FlushMemTableToOutputFile with column family [usertable], flush slots available 24, compaction slots available 1, flush slots scheduled 1, compaction slots scheduled 0
2019/03/23-12:27:51.244803 7f2be5ffb700 [db/flush_job.cc:301] [usertable] [JOB 2] Flushing memtable with next log file: 9
2019/03/23-12:27:51.244818 7f2be5ffb700 [db/flush_job.cc:301] [usertable] [JOB 2] Flushing memtable with next log file: 10
2019/03/23-12:27:51.244872 7f2be5ffb700 EVENT_LOG_v1 {"time_micros": 1553369271244848, "job": 2, "event": "flush_started", "num_memtables": 2, "num_entries": 57972, "num_deletes": 0, "memory_usage": 243803544, "flush_reason": "Write Buffer Full"}
2019/03/23-12:27:51.244883 7f2be5ffb700 [db/flush_job.cc:331] [usertable] [JOB 2] Level-0 flush table #11: started
2019/03/23-12:27:53.324428 7f2be5ffb700 EVENT_LOG_v1 {"time_micros": 1553369273324399, "cf_name": "usertable", "job": 2, "event": "table_file_creation", "file_number": 11, "file_size": 240085263, "table_properties": {"data_size": 239018556, "index_size": 1065780, "filter_size": 0, "raw_key_size": 1391328, "raw_average_key_size": 24, "raw_value_size": 237453312, "raw_average_value_size": 4096, "num_data_blocks": 28986, "num_entries": 57972, "filter_policy_name": "", "kDeletedKeys": "0", "kMergeOperands": "0"}}
2019/03/23-12:27:53.324462 7f2be5ffb700 [db/flush_job.cc:371] [usertable] [JOB 2] Level-0 flush table #11: 240085263 bytes OK
2019/03/23-12:27:53.385883 7f2be5ffb700 (Original Log Time 2019/03/23-12:27:53.324482) [db/memtable_list.cc:377] [usertable] Level-0 commit table #11 started
2019/03/23-12:27:53.385889 7f2be5ffb700 (Original Log Time 2019/03/23-12:27:53.385755) [db/memtable_list.cc:409] [usertable] Level-0 commit table #11: memtable #1 done
2019/03/23-12:27:53.385892 7f2be5ffb700 (Original Log Time 2019/03/23-12:27:53.385768) [db/memtable_list.cc:409] [usertable] Level-0 commit table #11: memtable #2 done
2019/03/23-12:27:53.385895 7f2be5ffb700 (Original Log Time 2019/03/23-12:27:53.385810) EVENT_LOG_v1 {"time_micros": 1553369273385790, "job": 2, "event": "flush_finished", "output_compression": "NoCompression", "lsm_state": [1, 0, 0, 0, 0, 0, 0], "immutable_memtables": 0}
2019/03/23-12:27:53.385898 7f2be5ffb700 (Original Log Time 2019/03/23-12:27:53.385843) [db/db_impl_compaction_flush.cc:177] [usertable] Level summary: base level 1 max bytes base 536870912 files[1 0 0 0 0 0 0] max score 0.50
2019/03/23-12:27:53.385914 7f2be5ffb700 [db/db_impl_files.cc:347] [JOB 2] Try to delete WAL files size 239358204, prev total WAL file size 280056761, number of live WAL files 3.
2019/03/23-12:27:58.372128 7f2c3436a700 [db/db_impl_write.cc:1373] [usertable] New memtable created with log file: #12. Immutable memtables: 0.
2019/03/23-12:28:05.785490 7f2c0c7f8700 [db/db_impl_write.cc:1373] [usertable] New memtable created with log file: #13. Immutable memtables: 1.
2019/03/23-12:28:05.785579 7f2bfeffd700 [db/db_impl_compaction_flush.cc:80] [JOB 3] Syncing log #10
2019/03/23-12:28:06.250473 7f2bfeffd700 [db/db_impl_compaction_flush.cc:80] [JOB 3] Syncing log #12
2019/03/23-12:28:06.671805 7f2bfeffd700 (Original Log Time 2019/03/23-12:28:05.785562) [db/db_impl_compaction_flush.cc:1424] Calling FlushMemTableToOutputFile with column family [usertable], flush slots available 24, compaction slots available 1, flush slots scheduled 1, compaction slots scheduled 0
2019/03/23-12:28:06.671822 7f2bfeffd700 [db/flush_job.cc:301] [usertable] [JOB 3] Flushing memtable with next log file: 12
2019/03/23-12:28:06.671831 7f2bfeffd700 [db/flush_job.cc:301] [usertable] [JOB 3] Flushing memtable with next log file: 13
2019/03/23-12:28:06.671868 7f2bfeffd700 EVENT_LOG_v1 {"time_micros": 1553369286671857, "job": 3, "event": "flush_started", "num_memtables": 2, "num_entries": 53251, "num_deletes": 0, "memory_usage": 233709032, "flush_reason": "Write Buffer Full"}
2019/03/23-12:28:06.671875 7f2bfeffd700 [db/flush_job.cc:331] [usertable] [JOB 3] Level-0 flush table #14: started
2019/03/23-12:28:07.463227 7f2bfeffd700 EVENT_LOG_v1 {"time_micros": 1553369287463198, "cf_name": "usertable", "job": 3, "event": "table_file_creation", "file_number": 14, "file_size": 220533793, "table_properties": {"data_size": 219553887, "index_size": 978979, "filter_size": 0, "raw_key_size": 1278024, "raw_average_key_size": 24, "raw_value_size": 218116096, "raw_average_value_size": 4096, "num_data_blocks": 26626, "num_entries": 53251, "filter_policy_name": "", "kDeletedKeys": "0", "kMergeOperands": "0"}}
2019/03/23-12:28:07.463253 7f2bfeffd700 [db/flush_job.cc:371] [usertable] [JOB 3] Level-0 flush table #14: 220533793 bytes OK
2019/03/23-12:28:07.491918 7f2bfeffd700 (Original Log Time 2019/03/23-12:28:07.463270) [db/memtable_list.cc:377] [usertable] Level-0 commit table #14 started
2019/03/23-12:28:07.491921 7f2bfeffd700 (Original Log Time 2019/03/23-12:28:07.491838) [db/memtable_list.cc:409] [usertable] Level-0 commit table #14: memtable #1 done
2019/03/23-12:28:07.491923 7f2bfeffd700 (Original Log Time 2019/03/23-12:28:07.491841) [db/memtable_list.cc:409] [usertable] Level-0 commit table #14: memtable #2 done
2019/03/23-12:28:07.491924 7f2bfeffd700 (Original Log Time 2019/03/23-12:28:07.491859) EVENT_LOG_v1 {"time_micros": 1553369287491848, "job": 3, "event": "flush_finished", "output_compression": "NoCompression", "lsm_state": [2, 0, 0, 0, 0, 0, 0], "immutable_memtables": 0}
2019/03/23-12:28:07.491926 7f2bfeffd700 (Original Log Time 2019/03/23-12:28:07.491897) [db/db_impl_compaction_flush.cc:177] [usertable] Level summary: base level 1 max bytes base 536870912 files[2 0 0 0 0 0 0] max score 1.00
2019/03/23-12:28:07.491935 7f2bfeffd700 [db/db_impl_files.cc:347] [JOB 3] Try to delete WAL files size 219868375, prev total WAL file size 244554742, number of live WAL files 3.
2019/03/23-12:28:07.492132 7f2bff7fe700 [WARN] [db/db_impl.cc:491] ------- DUMPING STATS -------
2019/03/23-12:28:07.493828 7f2bff7fe700 [WARN] [db/db_impl.cc:492] 
** DB Stats **
Uptime(secs): 33.6 total, 33.6 interval
Cumulative writes: 117K writes, 117K keys, 116K commit groups, 1.0 writes per commit group, ingest: 0.45 GB, 13.72 MB/s
Cumulative WAL: 117K writes, 0 syncs, 117202.00 writes per sync, written: 0.45 GB, 13.72 MB/s
Cumulative stall: 00:00:0.000 H:M:S, 0.0 percent
Interval writes: 117K writes, 117K keys, 116K commit groups, 1.0 writes per commit group, ingest: 461.50 MB, 13.72 MB/s
Interval WAL: 117K writes, 0 syncs, 117202.00 writes per sync, written: 0.45 MB, 13.72 MB/s
Interval stall: 00:00:0.000 H:M:S, 0.0 percent

** Compaction Stats [default] **
Level    Files   Size     Score Read(GB)  Rn(GB) Rnp1(GB) Write(GB) Wnew(GB) Moved(GB) W-Amp Rd(MB/s) Wr(MB/s) Comp(sec) Comp(cnt) Avg(sec) KeyIn KeyDrop
----------------------------------------------------------------------------------------------------------------------------------------------------------
 Sum      0/0    0.00 KB   0.0      0.0     0.0      0.0       0.0      0.0       0.0   0.0      0.0      0.0         0         0    0.000       0      0
 Int      0/0    0.00 KB   0.0      0.0     0.0      0.0       0.0      0.0       0.0   0.0      0.0      0.0         0         0    0.000       0      0
Uptime(secs): 33.6 total, 33.6 interval
Flush(GB): cumulative 0.000, interval 0.000
AddFile(GB): cumulative 0.000, interval 0.000
AddFile(Total Files): cumulative 0, interval 0
AddFile(L0 Files): cumulative 0, interval 0
AddFile(Keys): cumulative 0, interval 0
Cumulative compaction: 0.00 GB write, 0.00 MB/s write, 0.00 GB read, 0.00 MB/s read, 0.0 seconds
Interval compaction: 0.00 GB write, 0.00 MB/s write, 0.00 GB read, 0.00 MB/s read, 0.0 seconds
Stalls(count): 0 level0_slowdown, 0 level0_slowdown_with_compaction, 0 level0_numfiles, 0 level0_numfiles_with_compaction, 0 stop for pending_compaction_bytes, 0 slowdown for pending_compaction_bytes, 0 memtable_compaction, 0 memtable_slowdown, interval 0 total count

** File Read Latency Histogram By Level [default] **

** Compaction Stats [usertable] **
Level    Files   Size     Score Read(GB)  Rn(GB) Rnp1(GB) Write(GB) Wnew(GB) Moved(GB) W-Amp Rd(MB/s) Wr(MB/s) Comp(sec) Comp(cnt) Avg(sec) KeyIn KeyDrop
----------------------------------------------------------------------------------------------------------------------------------------------------------
  L0      2/0   439.28 MB   1.0      0.0     0.0      0.0       0.4      0.4       0.0   1.0      0.0    153.0         3         2    1.436       0      0
 Sum      2/0   439.28 MB   0.0      0.0     0.0      0.0       0.4      0.4       0.0   1.0      0.0    153.0         3         2    1.436       0      0
 Int      0/0    0.00 KB   0.0      0.0     0.0      0.0       0.4      0.4       0.0   1.0      0.0    153.0         3         2    1.436       0      0
Uptime(secs): 33.6 total, 33.6 interval
Flush(GB): cumulative 0.429, interval 0.429
AddFile(GB): cumulative 0.000, interval 0.000
AddFile(Total Files): cumulative 0, interval 0
AddFile(L0 Files): cumulative 0, interval 0
AddFile(Keys): cumulative 0, interval 0
Cumulative compaction: 0.43 GB write, 13.09 MB/s write, 0.00 GB read, 0.00 MB/s read, 2.9 seconds
Interval compaction: 0.43 GB write, 13.09 MB/s write, 0.00 GB read, 0.00 MB/s read, 2.9 seconds
Stalls(count): 0 level0_slowdown, 0 level0_slowdown_with_compaction, 0 level0_numfiles, 0 level0_numfiles_with_compaction, 0 stop for pending_compaction_bytes, 0 slowdown for pending_compaction_bytes, 0 memtable_compaction, 0 memtable_slowdown, interval 0 total count

** File Read Latency Histogram By Level [usertable] **

** Compaction Stats [default] **
Level    Files   Size     Score Read(GB)  Rn(GB) Rnp1(GB) Write(GB) Wnew(GB) Moved(GB) W-Amp Rd(MB/s) Wr(MB/s) Comp(sec) Comp(cnt) Avg(sec) KeyIn KeyDrop
----------------------------------------------------------------------------------------------------------------------------------------------------------
 Sum      0/0    0.00 KB   0.0      0.0     0.0      0.0       0.0      0.0       0.0   0.0      0.0      0.0         0         0    0.000       0      0
 Int      0/0    0.00 KB   0.0      0.0     0.0      0.0       0.0      0.0       0.0   0.0      0.0      0.0         0         0    0.000       0      0
Uptime(secs): 33.6 total, 0.0 interval
Flush(GB): cumulative 0.000, interval 0.000
AddFile(GB): cumulative 0.000, interval 0.000
AddFile(Total Files): cumulative 0, interval 0
AddFile(L0 Files): cumulative 0, interval 0
AddFile(Keys): cumulative 0, interval 0
Cumulative compaction: 0.00 GB write, 0.00 MB/s write, 0.00 GB read, 0.00 MB/s read, 0.0 seconds
Interval compaction: 0.00 GB write, 0.00 MB/s write, 0.00 GB read, 0.00 MB/s read, 0.0 seconds
Stalls(count): 0 level0_slowdown, 0 level0_slowdown_with_compaction, 0 level0_numfiles, 0 level0_numfiles_with_compaction, 0 stop for pending_compaction_bytes, 0 slowdown for pending_compaction_bytes, 0 memtable_compaction, 0 memtable_slowdown, interval 0 total count

** File Read Latency Histogram By Level [default] **

** Compaction Stats [usertable] **
Level    Files   Size     Score Read(GB)  Rn(GB) Rnp1(GB) Write(GB) Wnew(GB) Moved(GB) W-Amp Rd(MB/s) Wr(MB/s) Comp(sec) Comp(cnt) Avg(sec) KeyIn KeyDrop
----------------------------------------------------------------------------------------------------------------------------------------------------------
  L0      2/0   439.28 MB   1.0      0.0     0.0      0.0       0.4      0.4       0.0   1.0      0.0    153.0         3         2    1.436       0      0
 Sum      2/0   439.28 MB   0.0      0.0     0.0      0.0       0.4      0.4       0.0   1.0      0.0    153.0         3         2    1.436       0      0
 Int      0/0    0.00 KB   0.0      0.0     0.0      0.0       0.0      0.0       0.0   0.0      0.0      0.0         0         0    0.000       0      0
Uptime(secs): 33.6 total, 0.0 interval
Flush(GB): cumulative 0.429, interval 0.000
AddFile(GB): cumulative 0.000, interval 0.000
AddFile(Total Files): cumulative 0, interval 0
AddFile(L0 Files): cumulative 0, interval 0
AddFile(Keys): cumulative 0, interval 0
Cumulative compaction: 0.43 GB write, 13.09 MB/s write, 0.00 GB read, 0.00 MB/s read, 2.9 seconds
Interval compaction: 0.00 GB write, 0.00 MB/s write, 0.00 GB read, 0.00 MB/s read, 0.0 seconds
Stalls(count): 0 level0_slowdown, 0 level0_slowdown_with_compaction, 0 level0_numfiles, 0 level0_numfiles_with_compaction, 0 stop for pending_compaction_bytes, 0 slowdown for pending_compaction_bytes, 0 memtable_compaction, 0 memtable_slowdown, interval 0 total count

** File Read Latency Histogram By Level [usertable] **
2019/03/23-12:28:07.525987 7f2bff7fe700 (Original Log Time 2019/03/23-12:28:07.497199) [db/db_impl_compaction_flush.cc:1835] [usertable] Moving #11 to level-1 240085263 bytes
2019/03/23-12:28:07.525993 7f2bff7fe700 (Original Log Time 2019/03/23-12:28:07.525911) EVENT_LOG_v1 {"time_micros": 1553369287525892, "job": 4, "event": "trivial_move", "destination_level": 1, "files": 1, "total_files_size": 240085263}
2019/03/23-12:28:07.525996 7f2bff7fe700 (Original Log Time 2019/03/23-12:28:07.525928) [db/db_impl_compaction_flush.cc:1864] [usertable] Moved #1 files to level-1 240085263 bytes OK: base level 1 max bytes base 536870912 files[1 1 0 0 0 0 0] max score 0.50
2019/03/23-12:28:13.774455 7f2c245f6700 [db/db_impl_write.cc:1373] [usertable] New memtable created with log file: #15. Immutable memtables: 0.
2019/03/23-12:28:21.905915 7f2c1c1f2700 [db/db_impl_write.cc:1373] [usertable] New memtable created with log file: #16. Immutable memtables: 1.
2019/03/23-12:28:21.906010 7f2bfe7fc700 [db/db_impl_compaction_flush.cc:80] [JOB 5] Syncing log #13
2019/03/23-12:28:22.797707 7f2bfe7fc700 [db/db_impl_compaction_flush.cc:80] [JOB 5] Syncing log #15
2019/03/23-12:28:23.830513 7f2bfe7fc700 (Original Log Time 2019/03/23-12:28:21.905987) [db/db_impl_compaction_flush.cc:1424] Calling FlushMemTableToOutputFile with column family [usertable], flush slots available 24, compaction slots available 1, flush slots scheduled 1, compaction slots scheduled 0
2019/03/23-12:28:23.830529 7f2bfe7fc700 [db/flush_job.cc:301] [usertable] [JOB 5] Flushing memtable with next log file: 15
2019/03/23-12:28:23.830538 7f2bfe7fc700 [db/flush_job.cc:301] [usertable] [JOB 5] Flushing memtable with next log file: 16
2019/03/23-12:28:23.830576 7f2bfe7fc700 EVENT_LOG_v1 {"time_micros": 1553369303830563, "job": 5, "event": "flush_started", "num_memtables": 2, "num_entries": 56421, "num_deletes": 0, "memory_usage": 233803952, "flush_reason": "Write Buffer Full"}
2019/03/23-12:28:23.830584 7f2bfe7fc700 [db/flush_job.cc:331] [usertable] [JOB 5] Level-0 flush table #17: started
2019/03/23-12:28:24.925360 7f2bfe7fc700 EVENT_LOG_v1 {"time_micros": 1553369304925329, "cf_name": "usertable", "job": 5, "event": "table_file_creation", "file_number": 17, "file_size": 233674534, "table_properties": {"data_size": 232630064, "index_size": 1043543, "filter_size": 0, "raw_key_size": 1354104, "raw_average_key_size": 24, "raw_value_size": 231100416, "raw_average_value_size": 4096, "num_data_blocks": 28211, "num_entries": 56421, "filter_policy_name": "", "kDeletedKeys": "0", "kMergeOperands": "0"}}
2019/03/23-12:28:24.925382 7f2bfe7fc700 [db/flush_job.cc:371] [usertable] [JOB 5] Level-0 flush table #17: 233674534 bytes OK
2019/03/23-12:28:24.953396 7f2bfe7fc700 (Original Log Time 2019/03/23-12:28:24.925395) [db/memtable_list.cc:377] [usertable] Level-0 commit table #17 started
2019/03/23-12:28:24.953403 7f2bfe7fc700 (Original Log Time 2019/03/23-12:28:24.953275) [db/memtable_list.cc:409] [usertable] Level-0 commit table #17: memtable #1 done
2019/03/23-12:28:24.953406 7f2bfe7fc700 (Original Log Time 2019/03/23-12:28:24.953280) [db/memtable_list.cc:409] [usertable] Level-0 commit table #17: memtable #2 done
2019/03/23-12:28:24.953409 7f2bfe7fc700 (Original Log Time 2019/03/23-12:28:24.953318) EVENT_LOG_v1 {"time_micros": 1553369304953302, "job": 5, "event": "flush_finished", "output_compression": "NoCompression", "lsm_state": [2, 1, 0, 0, 0, 0, 0], "immutable_memtables": 0}
2019/03/23-12:28:24.953412 7f2bfe7fc700 (Original Log Time 2019/03/23-12:28:24.953359) [db/db_impl_compaction_flush.cc:177] [usertable] Level summary: base level 1 max bytes base 536870912 files[2 1 0 0 0 0 0] max score 1.00
