2019/03/23-13:21:41.150338 7ff8741da700 RocksDB version: 5.14.3
2019/03/23-13:21:41.150404 7ff8741da700 Git sha rocksdb_build_git_sha:
2019/03/23-13:21:41.150407 7ff8741da700 Compile date Oct  9 2018
2019/03/23-13:21:41.150414 7ff8741da700 DB SUMMARY
2019/03/23-13:21:41.150990 7ff8741da700 CURRENT file:  CURRENT
2019/03/23-13:21:41.150993 7ff8741da700 IDENTITY file:  IDENTITY
2019/03/23-13:21:41.151000 7ff8741da700 MANIFEST file:  MANIFEST-000004 size: 133288 Bytes
2019/03/23-13:21:41.151003 7ff8741da700 SST files in /mnt/sdf/ycsb-rocksdb-data dir, Total Num: 728, files: 000022.sst 000028.sst 000029.sst 000030.sst 000031.sst 000032.sst 000037.sst 000041.sst 000042.sst 
2019/03/23-13:21:41.151008 7ff8741da700 Write Ahead Log file in /mnt/sdf/ycsb-rocksdb-data: 001381.log size: 114412199 ; 001387.log size: 112417961 ; 001388.log size: 8239890 ; 
2019/03/23-13:21:41.151033 7ff8741da700                         Options.error_if_exists: 0
2019/03/23-13:21:41.151035 7ff8741da700                       Options.create_if_missing: 1
2019/03/23-13:21:41.151036 7ff8741da700                         Options.paranoid_checks: 1
2019/03/23-13:21:41.151036 7ff8741da700                                     Options.env: 0x7ff83b77b080
2019/03/23-13:21:41.151037 7ff8741da700                                Options.info_log: 0x7ff8403bc2d0
2019/03/23-13:21:41.151038 7ff8741da700                Options.max_file_opening_threads: 16
2019/03/23-13:21:41.151039 7ff8741da700                              Options.statistics: (nil)
2019/03/23-13:21:41.151040 7ff8741da700                               Options.use_fsync: 0
2019/03/23-13:21:41.151041 7ff8741da700                       Options.max_log_file_size: 0
2019/03/23-13:21:41.151042 7ff8741da700                  Options.max_manifest_file_size: 18446744073709551615
2019/03/23-13:21:41.151043 7ff8741da700                   Options.log_file_time_to_roll: 0
2019/03/23-13:21:41.151044 7ff8741da700                       Options.keep_log_file_num: 1000
2019/03/23-13:21:41.151045 7ff8741da700                    Options.recycle_log_file_num: 0
2019/03/23-13:21:41.151046 7ff8741da700                         Options.allow_fallocate: 1
2019/03/23-13:21:41.151047 7ff8741da700                        Options.allow_mmap_reads: 0
2019/03/23-13:21:41.151048 7ff8741da700                       Options.allow_mmap_writes: 0
2019/03/23-13:21:41.151048 7ff8741da700                        Options.use_direct_reads: 0
2019/03/23-13:21:41.151049 7ff8741da700                        Options.use_direct_io_for_flush_and_compaction: 0
2019/03/23-13:21:41.151050 7ff8741da700          Options.create_missing_column_families: 1
2019/03/23-13:21:41.151051 7ff8741da700                              Options.db_log_dir: 
2019/03/23-13:21:41.151052 7ff8741da700                                 Options.wal_dir: /mnt/sdf/ycsb-rocksdb-data
2019/03/23-13:21:41.151053 7ff8741da700                Options.table_cache_numshardbits: 6
2019/03/23-13:21:41.151054 7ff8741da700                      Options.max_subcompactions: 4
2019/03/23-13:21:41.151055 7ff8741da700                  Options.max_background_flushes: 24
2019/03/23-13:21:41.151056 7ff8741da700                         Options.WAL_ttl_seconds: 0
2019/03/23-13:21:41.151057 7ff8741da700                       Options.WAL_size_limit_MB: 0
2019/03/23-13:21:41.151058 7ff8741da700             Options.manifest_preallocation_size: 4194304
2019/03/23-13:21:41.151059 7ff8741da700                     Options.is_fd_close_on_exec: 1
2019/03/23-13:21:41.151060 7ff8741da700                   Options.advise_random_on_open: 1
2019/03/23-13:21:41.151060 7ff8741da700                    Options.db_write_buffer_size: 0
2019/03/23-13:21:41.151061 7ff8741da700                    Options.write_buffer_manager: 0x7ff8403bc330
2019/03/23-13:21:41.151062 7ff8741da700         Options.access_hint_on_compaction_start: 1
2019/03/23-13:21:41.151063 7ff8741da700  Options.new_table_reader_for_compaction_inputs: 0
2019/03/23-13:21:41.151064 7ff8741da700           Options.random_access_max_buffer_size: 1048576
2019/03/23-13:21:41.151065 7ff8741da700                      Options.use_adaptive_mutex: 0
2019/03/23-13:21:41.151077 7ff8741da700                            Options.rate_limiter: (nil)
2019/03/23-13:21:41.151079 7ff8741da700     Options.sst_file_manager.rate_bytes_per_sec: 0
2019/03/23-13:21:41.151080 7ff8741da700                       Options.wal_recovery_mode: 2
2019/03/23-13:21:41.151081 7ff8741da700                  Options.enable_thread_tracking: 0
2019/03/23-13:21:41.151082 7ff8741da700                  Options.enable_pipelined_write: 1
2019/03/23-13:21:41.151083 7ff8741da700         Options.allow_concurrent_memtable_write: 1
2019/03/23-13:21:41.151084 7ff8741da700      Options.enable_write_thread_adaptive_yield: 1
2019/03/23-13:21:41.151085 7ff8741da700             Options.write_thread_max_yield_usec: 100
2019/03/23-13:21:41.151086 7ff8741da700            Options.write_thread_slow_yield_usec: 3
2019/03/23-13:21:41.151086 7ff8741da700                               Options.row_cache: None
2019/03/23-13:21:41.151087 7ff8741da700                              Options.wal_filter: None
2019/03/23-13:21:41.151088 7ff8741da700             Options.avoid_flush_during_recovery: 0
2019/03/23-13:21:41.151089 7ff8741da700             Options.allow_ingest_behind: 0
2019/03/23-13:21:41.151090 7ff8741da700             Options.preserve_deletes: 0
2019/03/23-13:21:41.151091 7ff8741da700             Options.two_write_queues: 0
2019/03/23-13:21:41.151092 7ff8741da700             Options.manual_wal_flush: 0
2019/03/23-13:21:41.151093 7ff8741da700             Options.max_background_jobs: 24
2019/03/23-13:21:41.151094 7ff8741da700             Options.max_background_compactions: 24
2019/03/23-13:21:41.151095 7ff8741da700             Options.avoid_flush_during_shutdown: 0
2019/03/23-13:21:41.151096 7ff8741da700           Options.writable_file_max_buffer_size: 1048576
2019/03/23-13:21:41.151097 7ff8741da700             Options.delayed_write_rate : 16777216
2019/03/23-13:21:41.151098 7ff8741da700             Options.max_total_wal_size: 0
2019/03/23-13:21:41.151099 7ff8741da700             Options.delete_obsolete_files_period_micros: 21600000000
2019/03/23-13:21:41.151100 7ff8741da700                   Options.stats_dump_period_sec: 60
2019/03/23-13:21:41.151101 7ff8741da700                          Options.max_open_files: -1
2019/03/23-13:21:41.151102 7ff8741da700                          Options.bytes_per_sync: 1048576
2019/03/23-13:21:41.151103 7ff8741da700                      Options.wal_bytes_per_sync: 0
2019/03/23-13:21:41.151104 7ff8741da700       Options.compaction_readahead_size: 0
2019/03/23-13:21:41.151105 7ff8741da700 Compression algorithms supported:
2019/03/23-13:21:41.151106 7ff8741da700 	kZSTDNotFinalCompression supported: 1
2019/03/23-13:21:41.151113 7ff8741da700 	kZSTD supported: 1
2019/03/23-13:21:41.151114 7ff8741da700 	kXpressCompression supported: 0
2019/03/23-13:21:41.151115 7ff8741da700 	kLZ4HCCompression supported: 1
2019/03/23-13:21:41.151116 7ff8741da700 	kLZ4Compression supported: 1
2019/03/23-13:21:41.151117 7ff8741da700 	kBZip2Compression supported: 1
2019/03/23-13:21:41.151118 7ff8741da700 	kZlibCompression supported: 1
2019/03/23-13:21:41.151119 7ff8741da700 	kSnappyCompression supported: 1
2019/03/23-13:21:41.151122 7ff8741da700 Fast CRC32 supported: Not supported on x86
2019/03/23-13:21:41.151537 7ff8741da700 [db/version_set.cc:3085] Recovering from manifest file: MANIFEST-000004
2019/03/23-13:21:41.151627 7ff8741da700 [db/column_family.cc:475] --------------- Options for column family [default]:
2019/03/23-13:21:41.151630 7ff8741da700               Options.comparator: leveldb.BytewiseComparator
2019/03/23-13:21:41.151631 7ff8741da700           Options.merge_operator: None
2019/03/23-13:21:41.151632 7ff8741da700        Options.compaction_filter: None
2019/03/23-13:21:41.151633 7ff8741da700        Options.compaction_filter_factory: None
2019/03/23-13:21:41.151634 7ff8741da700         Options.memtable_factory: SkipListFactory
2019/03/23-13:21:41.151635 7ff8741da700            Options.table_factory: BlockBasedTable
2019/03/23-13:21:41.151660 7ff8741da700            table_factory options:   flush_block_policy_factory: FlushBlockBySizePolicyFactory (0x7ff8403bc800)
  cache_index_and_filter_blocks: 0
  cache_index_and_filter_blocks_with_high_priority: 0
  pin_l0_filter_and_index_blocks_in_cache: 0
  index_type: 0
  hash_index_allow_collision: 1
  checksum: 1
  no_block_cache: 0
  block_cache: 0x7ff8403ae6e0
  block_cache_name: LRUCache
  block_cache_options:
    capacity : 8388608
    num_shard_bits : 4
    strict_capacity_limit : 0
    high_pri_pool_ratio: 0.000
  block_cache_compressed: (nil)
  persistent_cache: (nil)
  block_size: 8192
  block_size_deviation: 10
  block_restart_interval: 16
  index_block_restart_interval: 1
  metadata_block_size: 4096
  partition_filters: 0
  use_delta_encoding: 1
  filter_policy: nullptr
  whole_key_filtering: 1
  verify_compression: 0
  read_amp_bytes_per_bit: 0
  format_version: 2
  enable_index_compression: 1
  block_align: 0
2019/03/23-13:21:41.151681 7ff8741da700        Options.write_buffer_size: 134217728
2019/03/23-13:21:41.151683 7ff8741da700  Options.max_write_buffer_number: 24
2019/03/23-13:21:41.151685 7ff8741da700        Options.compression[0]: NoCompression
2019/03/23-13:21:41.151686 7ff8741da700        Options.compression[1]: NoCompression
2019/03/23-13:21:41.151688 7ff8741da700        Options.compression[2]: LZ4
2019/03/23-13:21:41.151689 7ff8741da700        Options.compression[3]: LZ4
2019/03/23-13:21:41.151690 7ff8741da700        Options.compression[4]: LZ4
2019/03/23-13:21:41.151691 7ff8741da700        Options.compression[5]: LZ4
2019/03/23-13:21:41.151692 7ff8741da700        Options.compression[6]: LZ4
2019/03/23-13:21:41.151692 7ff8741da700                  Options.bottommost_compression: Disabled
2019/03/23-13:21:41.151693 7ff8741da700       Options.prefix_extractor: nullptr
2019/03/23-13:21:41.151694 7ff8741da700   Options.memtable_insert_with_hint_prefix_extractor: nullptr
2019/03/23-13:21:41.151695 7ff8741da700             Options.num_levels: 7
2019/03/23-13:21:41.151696 7ff8741da700        Options.min_write_buffer_number_to_merge: 2
2019/03/23-13:21:41.151697 7ff8741da700     Options.max_write_buffer_number_to_maintain: 0
2019/03/23-13:21:41.151698 7ff8741da700            Options.compression_opts.window_bits: -14
2019/03/23-13:21:41.151699 7ff8741da700                  Options.compression_opts.level: -1
2019/03/23-13:21:41.151700 7ff8741da700               Options.compression_opts.strategy: 0
2019/03/23-13:21:41.151701 7ff8741da700         Options.compression_opts.max_dict_bytes: 0
2019/03/23-13:21:41.151702 7ff8741da700         Options.compression_opts.zstd_max_train_bytes: 0
2019/03/23-13:21:41.151703 7ff8741da700      Options.level0_file_num_compaction_trigger: 2
2019/03/23-13:21:41.151704 7ff8741da700          Options.level0_slowdown_writes_trigger: 20
2019/03/23-13:21:41.151705 7ff8741da700              Options.level0_stop_writes_trigger: 36
2019/03/23-13:21:41.151705 7ff8741da700                   Options.target_file_size_base: 67108864
2019/03/23-13:21:41.151706 7ff8741da700             Options.target_file_size_multiplier: 1
2019/03/23-13:21:41.151707 7ff8741da700                Options.max_bytes_for_level_base: 536870912
2019/03/23-13:21:41.151708 7ff8741da700 Options.level_compaction_dynamic_level_bytes: 0
2019/03/23-13:21:41.151709 7ff8741da700          Options.max_bytes_for_level_multiplier: 10.000000
2019/03/23-13:21:41.151712 7ff8741da700 Options.max_bytes_for_level_multiplier_addtl[0]: 1
2019/03/23-13:21:41.151714 7ff8741da700 Options.max_bytes_for_level_multiplier_addtl[1]: 1
2019/03/23-13:21:41.151715 7ff8741da700 Options.max_bytes_for_level_multiplier_addtl[2]: 1
2019/03/23-13:21:41.151715 7ff8741da700 Options.max_bytes_for_level_multiplier_addtl[3]: 1
2019/03/23-13:21:41.151716 7ff8741da700 Options.max_bytes_for_level_multiplier_addtl[4]: 1
2019/03/23-13:21:41.151717 7ff8741da700 Options.max_bytes_for_level_multiplier_addtl[5]: 1
2019/03/23-13:21:41.151718 7ff8741da700 Options.max_bytes_for_level_multiplier_addtl[6]: 1
2019/03/23-13:21:41.151719 7ff8741da700       Options.max_sequential_skip_in_iterations: 8
2019/03/23-13:21:41.151720 7ff8741da700                    Options.max_compaction_bytes: 1677721600
2019/03/23-13:21:41.151727 7ff8741da700                        Options.arena_block_size: 16777216
2019/03/23-13:21:41.151728 7ff8741da700   Options.soft_pending_compaction_bytes_limit: 68719476736
2019/03/23-13:21:41.151729 7ff8741da700   Options.hard_pending_compaction_bytes_limit: 274877906944
2019/03/23-13:21:41.151730 7ff8741da700       Options.rate_limit_delay_max_milliseconds: 100
2019/03/23-13:21:41.151731 7ff8741da700                Options.disable_auto_compactions: 0
2019/03/23-13:21:41.151733 7ff8741da700                        Options.compaction_style: kCompactionStyleLevel
2019/03/23-13:21:41.151734 7ff8741da700                          Options.compaction_pri: kByCompensatedSize
2019/03/23-13:21:41.151735 7ff8741da700 Options.compaction_options_universal.size_ratio: 1
2019/03/23-13:21:41.151736 7ff8741da700 Options.compaction_options_universal.min_merge_width: 2
2019/03/23-13:21:41.151737 7ff8741da700 Options.compaction_options_universal.max_merge_width: 4294967295
2019/03/23-13:21:41.151738 7ff8741da700 Options.compaction_options_universal.max_size_amplification_percent: 200
2019/03/23-13:21:41.151739 7ff8741da700 Options.compaction_options_universal.compression_size_percent: -1
2019/03/23-13:21:41.151740 7ff8741da700 Options.compaction_options_universal.stop_style: kCompactionStopStyleTotalSize
2019/03/23-13:21:41.151741 7ff8741da700 Options.compaction_options_fifo.max_table_files_size: 1073741824
2019/03/23-13:21:41.151742 7ff8741da700 Options.compaction_options_fifo.allow_compaction: 0
2019/03/23-13:21:41.151743 7ff8741da700 Options.compaction_options_fifo.ttl: 0
2019/03/23-13:21:41.151744 7ff8741da700                   Options.table_properties_collectors: 
2019/03/23-13:21:41.151745 7ff8741da700                   Options.inplace_update_support: 0
2019/03/23-13:21:41.151746 7ff8741da700                 Options.inplace_update_num_locks: 10000
2019/03/23-13:21:41.151747 7ff8741da700               Options.memtable_prefix_bloom_size_ratio: 0.000000
2019/03/23-13:21:41.151748 7ff8741da700   Options.memtable_huge_page_size: 0
2019/03/23-13:21:41.151749 7ff8741da700                           Options.bloom_locality: 0
2019/03/23-13:21:41.151750 7ff8741da700                    Options.max_successive_merges: 0
2019/03/23-13:21:41.151751 7ff8741da700                Options.optimize_filters_for_hits: 0
2019/03/23-13:21:41.151752 7ff8741da700                Options.paranoid_file_checks: 0
2019/03/23-13:21:41.151753 7ff8741da700                Options.force_consistency_checks: 0
2019/03/23-13:21:41.151753 7ff8741da700                Options.report_bg_io_stats: 0
2019/03/23-13:21:41.151754 7ff8741da700                               Options.ttl: 0
2019/03/23-13:21:41.151850 7ff8741da700 [db/column_family.cc:475] --------------- Options for column family [usertable]:
2019/03/23-13:21:41.151853 7ff8741da700               Options.comparator: leveldb.BytewiseComparator
2019/03/23-13:21:41.151854 7ff8741da700           Options.merge_operator: None
2019/03/23-13:21:41.151855 7ff8741da700        Options.compaction_filter: None
2019/03/23-13:21:41.151855 7ff8741da700        Options.compaction_filter_factory: None
2019/03/23-13:21:41.151856 7ff8741da700         Options.memtable_factory: SkipListFactory
2019/03/23-13:21:41.151857 7ff8741da700            Options.table_factory: BlockBasedTable
2019/03/23-13:21:41.151879 7ff8741da700            table_factory options:   flush_block_policy_factory: FlushBlockBySizePolicyFactory (0x7ff8403b8fb0)
  cache_index_and_filter_blocks: 0
  cache_index_and_filter_blocks_with_high_priority: 0
  pin_l0_filter_and_index_blocks_in_cache: 0
  index_type: 0
  hash_index_allow_collision: 1
  checksum: 1
  no_block_cache: 0
  block_cache: 0x7ff8403be0b0
  block_cache_name: LRUCache
  block_cache_options:
    capacity : 8388608
    num_shard_bits : 4
    strict_capacity_limit : 0
    high_pri_pool_ratio: 0.000
  block_cache_compressed: (nil)
  persistent_cache: (nil)
  block_size: 8192
  block_size_deviation: 10
  block_restart_interval: 16
  index_block_restart_interval: 1
  metadata_block_size: 4096
  partition_filters: 0
  use_delta_encoding: 1
  filter_policy: nullptr
  whole_key_filtering: 1
  verify_compression: 0
  read_amp_bytes_per_bit: 0
  format_version: 2
  enable_index_compression: 1
  block_align: 0
2019/03/23-13:21:41.151890 7ff8741da700        Options.write_buffer_size: 134217728
2019/03/23-13:21:41.151892 7ff8741da700  Options.max_write_buffer_number: 24
2019/03/23-13:21:41.151893 7ff8741da700        Options.compression[0]: NoCompression
2019/03/23-13:21:41.151894 7ff8741da700        Options.compression[1]: NoCompression
2019/03/23-13:21:41.151895 7ff8741da700        Options.compression[2]: LZ4
2019/03/23-13:21:41.151896 7ff8741da700        Options.compression[3]: LZ4
2019/03/23-13:21:41.151897 7ff8741da700        Options.compression[4]: LZ4
2019/03/23-13:21:41.151898 7ff8741da700        Options.compression[5]: LZ4
2019/03/23-13:21:41.151899 7ff8741da700        Options.compression[6]: LZ4
2019/03/23-13:21:41.151900 7ff8741da700                  Options.bottommost_compression: Disabled
2019/03/23-13:21:41.151901 7ff8741da700       Options.prefix_extractor: nullptr
2019/03/23-13:21:41.151902 7ff8741da700   Options.memtable_insert_with_hint_prefix_extractor: nullptr
2019/03/23-13:21:41.151903 7ff8741da700             Options.num_levels: 7
2019/03/23-13:21:41.151904 7ff8741da700        Options.min_write_buffer_number_to_merge: 2
2019/03/23-13:21:41.151905 7ff8741da700     Options.max_write_buffer_number_to_maintain: 0
2019/03/23-13:21:41.151906 7ff8741da700            Options.compression_opts.window_bits: -14
2019/03/23-13:21:41.151906 7ff8741da700                  Options.compression_opts.level: -1
2019/03/23-13:21:41.151907 7ff8741da700               Options.compression_opts.strategy: 0
2019/03/23-13:21:41.151908 7ff8741da700         Options.compression_opts.max_dict_bytes: 0
2019/03/23-13:21:41.151909 7ff8741da700         Options.compression_opts.zstd_max_train_bytes: 0
2019/03/23-13:21:41.151910 7ff8741da700      Options.level0_file_num_compaction_trigger: 2
2019/03/23-13:21:41.151911 7ff8741da700          Options.level0_slowdown_writes_trigger: 20
2019/03/23-13:21:41.151912 7ff8741da700              Options.level0_stop_writes_trigger: 36
2019/03/23-13:21:41.151912 7ff8741da700                   Options.target_file_size_base: 67108864
2019/03/23-13:21:41.151913 7ff8741da700             Options.target_file_size_multiplier: 1
2019/03/23-13:21:41.151914 7ff8741da700                Options.max_bytes_for_level_base: 536870912
2019/03/23-13:21:41.151915 7ff8741da700 Options.level_compaction_dynamic_level_bytes: 0
2019/03/23-13:21:41.151916 7ff8741da700          Options.max_bytes_for_level_multiplier: 10.000000
2019/03/23-13:21:41.151918 7ff8741da700 Options.max_bytes_for_level_multiplier_addtl[0]: 1
2019/03/23-13:21:41.151919 7ff8741da700 Options.max_bytes_for_level_multiplier_addtl[1]: 1
2019/03/23-13:21:41.151920 7ff8741da700 Options.max_bytes_for_level_multiplier_addtl[2]: 1
2019/03/23-13:21:41.151921 7ff8741da700 Options.max_bytes_for_level_multiplier_addtl[3]: 1
2019/03/23-13:21:41.151922 7ff8741da700 Options.max_bytes_for_level_multiplier_addtl[4]: 1
2019/03/23-13:21:41.151923 7ff8741da700 Options.max_bytes_for_level_multiplier_addtl[5]: 1
2019/03/23-13:21:41.151923 7ff8741da700 Options.max_bytes_for_level_multiplier_addtl[6]: 1
2019/03/23-13:21:41.151924 7ff8741da700       Options.max_sequential_skip_in_iterations: 8
2019/03/23-13:21:41.151925 7ff8741da700                    Options.max_compaction_bytes: 1677721600
2019/03/23-13:21:41.151926 7ff8741da700                        Options.arena_block_size: 16777216
2019/03/23-13:21:41.151927 7ff8741da700   Options.soft_pending_compaction_bytes_limit: 68719476736
2019/03/23-13:21:41.151928 7ff8741da700   Options.hard_pending_compaction_bytes_limit: 274877906944
2019/03/23-13:21:41.151929 7ff8741da700       Options.rate_limit_delay_max_milliseconds: 100
2019/03/23-13:21:41.151930 7ff8741da700                Options.disable_auto_compactions: 0
2019/03/23-13:21:41.151931 7ff8741da700                        Options.compaction_style: kCompactionStyleLevel
2019/03/23-13:21:41.151939 7ff8741da700                          Options.compaction_pri: kByCompensatedSize
2019/03/23-13:21:41.151940 7ff8741da700 Options.compaction_options_universal.size_ratio: 1
2019/03/23-13:21:41.151941 7ff8741da700 Options.compaction_options_universal.min_merge_width: 2
2019/03/23-13:21:41.151942 7ff8741da700 Options.compaction_options_universal.max_merge_width: 4294967295
2019/03/23-13:21:41.151943 7ff8741da700 Options.compaction_options_universal.max_size_amplification_percent: 200
2019/03/23-13:21:41.151944 7ff8741da700 Options.compaction_options_universal.compression_size_percent: -1
2019/03/23-13:21:41.151945 7ff8741da700 Options.compaction_options_universal.stop_style: kCompactionStopStyleTotalSize
2019/03/23-13:21:41.151946 7ff8741da700 Options.compaction_options_fifo.max_table_files_size: 1073741824
2019/03/23-13:21:41.151946 7ff8741da700 Options.compaction_options_fifo.allow_compaction: 0
2019/03/23-13:21:41.151947 7ff8741da700 Options.compaction_options_fifo.ttl: 0
2019/03/23-13:21:41.151948 7ff8741da700                   Options.table_properties_collectors: 
2019/03/23-13:21:41.151949 7ff8741da700                   Options.inplace_update_support: 0
2019/03/23-13:21:41.151950 7ff8741da700                 Options.inplace_update_num_locks: 10000
2019/03/23-13:21:41.151951 7ff8741da700               Options.memtable_prefix_bloom_size_ratio: 0.000000
2019/03/23-13:21:41.151952 7ff8741da700   Options.memtable_huge_page_size: 0
2019/03/23-13:21:41.151953 7ff8741da700                           Options.bloom_locality: 0
2019/03/23-13:21:41.151954 7ff8741da700                    Options.max_successive_merges: 0
2019/03/23-13:21:41.151955 7ff8741da700                Options.optimize_filters_for_hits: 0
2019/03/23-13:21:41.151956 7ff8741da700                Options.paranoid_file_checks: 0
2019/03/23-13:21:41.151957 7ff8741da700                Options.force_consistency_checks: 0
2019/03/23-13:21:41.151958 7ff8741da700                Options.report_bg_io_stats: 0
2019/03/23-13:21:41.151958 7ff8741da700                               Options.ttl: 0
2019/03/23-13:21:41.641866 7ff8741da700 [db/version_set.cc:3361] Recovered from manifest file:/mnt/sdf/ycsb-rocksdb-data/MANIFEST-000004 succeeded,manifest_file_number is 4, next_file_number is 1388, last_sequence is 10405363, log_number is 0,prev_log_number is 0,max_column_family is 1,min_log_number_to_keep is 0
2019/03/23-13:21:41.641878 7ff8741da700 [db/version_set.cc:3369] Column family [default] (ID 0), log number is 0
2019/03/23-13:21:41.641880 7ff8741da700 [db/version_set.cc:3369] Column family [usertable] (ID 1), log number is 1381
2019/03/23-13:21:41.643938 7ff8741da700 EVENT_LOG_v1 {"time_micros": 1553372501643919, "job": 1, "event": "recovery_started", "log_files": [1381, 1387, 1388]}
2019/03/23-13:21:41.643946 7ff8741da700 [db/db_impl_open.cc:551] Recovering log #1381 mode 2
2019/03/23-13:21:41.970715 7ff8741da700 [db/db_impl_open.cc:551] Recovering log #1387 mode 2
2019/03/23-13:21:42.518613 7ff8741da700 EVENT_LOG_v1 {"time_micros": 1553372502518580, "cf_name": "usertable", "job": 1, "event": "table_file_creation", "file_number": 1388, "file_size": 129902322, "table_properties": {"data_size": 129321393, "index_size": 580007, "filter_size": 0, "raw_key_size": 752760, "raw_average_key_size": 24, "raw_value_size": 128471040, "raw_average_value_size": 4096, "num_data_blocks": 15683, "num_entries": 31365, "filter_policy_name": "", "kDeletedKeys": "0", "kMergeOperands": "0"}}
2019/03/23-13:21:42.870067 7ff8741da700 [db/db_impl_open.cc:551] Recovering log #1388 mode 2
2019/03/23-13:21:42.895618 7ff8741da700 [db/version_set.cc:2847] Creating manifest 1390
2019/03/23-13:21:44.154588 7ff8741da700 EVENT_LOG_v1 {"time_micros": 1553372504154559, "cf_name": "usertable", "job": 1, "event": "table_file_creation", "file_number": 1391, "file_size": 105444593, "table_properties": {"data_size": 104975717, "index_size": 467954, "filter_size": 0, "raw_key_size": 611064, "raw_average_key_size": 24, "raw_value_size": 104288256, "raw_average_value_size": 4096, "num_data_blocks": 12731, "num_entries": 25461, "filter_policy_name": "", "kDeletedKeys": "0", "kMergeOperands": "0"}}
2019/03/23-13:21:44.228459 7ff8741da700 EVENT_LOG_v1 {"time_micros": 1553372504228448, "job": 1, "event": "recovery_finished"}
2019/03/23-13:21:44.363890 7ff8741da700 [db/db_impl_open.cc:1219] DB pointer 0x7ff8403b0d90
2019/03/23-13:21:44.364216 7ff83ae80700 [WARN] [db/db_impl.cc:491] ------- DUMPING STATS -------
2019/03/23-13:21:44.364267 7ff83ae80700 [WARN] [db/db_impl.cc:492] 
** DB Stats **
Uptime(secs): 3.2 total, 3.2 interval
Cumulative writes: 0 writes, 0 keys, 0 commit groups, 0.0 writes per commit group, ingest: 0.00 GB, 0.00 MB/s
Cumulative WAL: 0 writes, 0 syncs, 0.00 writes per sync, written: 0.00 GB, 0.00 MB/s
Cumulative stall: 00:00:0.000 H:M:S, 0.0 percent
Interval writes: 0 writes, 0 keys, 0 commit groups, 0.0 writes per commit group, ingest: 0.00 MB, 0.00 MB/s
Interval WAL: 0 writes, 0 syncs, 0.00 writes per sync, written: 0.00 MB, 0.00 MB/s
Interval stall: 00:00:0.000 H:M:S, 0.0 percent

** Compaction Stats [default] **
Level    Files   Size     Score Read(GB)  Rn(GB) Rnp1(GB) Write(GB) Wnew(GB) Moved(GB) W-Amp Rd(MB/s) Wr(MB/s) Comp(sec) Comp(cnt) Avg(sec) KeyIn KeyDrop
----------------------------------------------------------------------------------------------------------------------------------------------------------
 Sum      0/0    0.00 KB   0.0      0.0     0.0      0.0       0.0      0.0       0.0   0.0      0.0      0.0         0         0    0.000       0      0
 Int      0/0    0.00 KB   0.0      0.0     0.0      0.0       0.0      0.0       0.0   0.0      0.0      0.0         0         0    0.000       0      0
Uptime(secs): 3.2 total, 3.2 interval
Flush(GB): cumulative 0.000, interval 0.000
AddFile(GB): cumulative 0.000, interval 0.000
AddFile(Total Files): cumulative 0, interval 0
AddFile(L0 Files): cumulative 0, interval 0
AddFile(Keys): cumulative 0, interval 0
Cumulative compaction: 0.00 GB write, 0.00 MB/s write, 0.00 GB read, 0.00 MB/s read, 0.0 seconds
Interval compaction: 0.00 GB write, 0.00 MB/s write, 0.00 GB read, 0.00 MB/s read, 0.0 seconds
Stalls(count): 0 level0_slowdown, 0 level0_slowdown_with_compaction, 0 level0_numfiles, 0 level0_numfiles_with_compaction, 0 stop for pending_compaction_bytes, 0 slowdown for pending_compaction_bytes, 0 memtable_compaction, 0 memtable_slowdown, interval 0 total count

** File Read Latency Histogram By Level [default] **

** Compaction Stats [usertable] **
Level    Files   Size     Score Read(GB)  Rn(GB) Rnp1(GB) Write(GB) Wnew(GB) Moved(GB) W-Amp Rd(MB/s) Wr(MB/s) Comp(sec) Comp(cnt) Avg(sec) KeyIn KeyDrop
----------------------------------------------------------------------------------------------------------------------------------------------------------
  L0      3/0   395.58 MB   1.5      0.0     0.0      0.0       0.2      0.2       0.0   1.0      0.0    137.0         2         2    0.819       0      0
  L1      8/0   462.76 MB   0.9      0.0     0.0      0.0       0.0      0.0       0.0   0.0      0.0      0.0         0         0    0.000       0      0
  L2    170/0    4.96 GB   1.0      0.0     0.0      0.0       0.0      0.0       0.0   0.0      0.0      0.0         0         0    0.000       0      0
  L3    549/0   34.38 GB   0.7      0.0     0.0      0.0       0.0      0.0       0.0   0.0      0.0      0.0         0         0    0.000       0      0
 Sum    730/0   40.18 GB   0.0      0.0     0.0      0.0       0.2      0.2       0.0   1.0      0.0    137.0         2         2    0.819       0      0
 Int      0/0    0.00 KB   0.0      0.0     0.0      0.0       0.2      0.2       0.0   1.0      0.0    137.0         2         2    0.819       0      0
Uptime(secs): 3.2 total, 3.2 interval
Flush(GB): cumulative 0.219, interval 0.219
AddFile(GB): cumulative 0.000, interval 0.000
AddFile(Total Files): cumulative 0, interval 0
AddFile(L0 Files): cumulative 0, interval 0
AddFile(Keys): cumulative 0, interval 0
Cumulative compaction: 0.22 GB write, 69.87 MB/s write, 0.00 GB read, 0.00 MB/s read, 1.6 seconds
Interval compaction: 0.22 GB write, 69.87 MB/s write, 0.00 GB read, 0.00 MB/s read, 1.6 seconds
Stalls(count): 0 level0_slowdown, 0 level0_slowdown_with_compaction, 0 level0_numfiles, 0 level0_numfiles_with_compaction, 0 stop for pending_compaction_bytes, 0 slowdown for pending_compaction_bytes, 0 memtable_compaction, 0 memtable_slowdown, interval 0 total count

** File Read Latency Histogram By Level [usertable] **

** Compaction Stats [default] **
Level    Files   Size     Score Read(GB)  Rn(GB) Rnp1(GB) Write(GB) Wnew(GB) Moved(GB) W-Amp Rd(MB/s) Wr(MB/s) Comp(sec) Comp(cnt) Avg(sec) KeyIn KeyDrop
----------------------------------------------------------------------------------------------------------------------------------------------------------
 Sum      0/0    0.00 KB   0.0      0.0     0.0      0.0       0.0      0.0       0.0   0.0      0.0      0.0         0         0    0.000       0      0
 Int      0/0    0.00 KB   0.0      0.0     0.0      0.0       0.0      0.0       0.0   0.0      0.0      0.0         0         0    0.000       0      0
Uptime(secs): 3.2 total, 0.0 interval
Flush(GB): cumulative 0.000, interval 0.000
AddFile(GB): cumulative 0.000, interval 0.000
AddFile(Total Files): cumulative 0, interval 0
AddFile(L0 Files): cumulative 0, interval 0
AddFile(Keys): cumulative 0, interval 0
Cumulative compaction: 0.00 GB write, 0.00 MB/s write, 0.00 GB read, 0.00 MB/s read, 0.0 seconds
Interval compaction: 0.00 GB write, 0.00 MB/s write, 0.00 GB read, 0.00 MB/s read, 0.0 seconds
Stalls(count): 0 level0_slowdown, 0 level0_slowdown_with_compaction, 0 level0_numfiles, 0 level0_numfiles_with_compaction, 0 stop for pending_compaction_bytes, 0 slowdown for pending_compaction_bytes, 0 memtable_compaction, 0 memtable_slowdown, interval 0 total count

** File Read Latency Histogram By Level [default] **

** Compaction Stats [usertable] **
Level    Files   Size     Score Read(GB)  Rn(GB) Rnp1(GB) Write(GB) Wnew(GB) Moved(GB) W-Amp Rd(MB/s) Wr(MB/s) Comp(sec) Comp(cnt) Avg(sec) KeyIn KeyDrop
----------------------------------------------------------------------------------------------------------------------------------------------------------
  L0      3/0   395.58 MB   1.5      0.0     0.0      0.0       0.2      0.2       0.0   1.0      0.0    137.0         2         2    0.819       0      0
  L1      8/0   462.76 MB   0.9      0.0     0.0      0.0       0.0      0.0       0.0   0.0      0.0      0.0         0         0    0.000       0      0
  L2    170/0    4.96 GB   1.0      0.0     0.0      0.0       0.0      0.0       0.0   0.0      0.0      0.0         0         0    0.000       0      0
  L3    549/0   34.38 GB   0.7      0.0     0.0      0.0       0.0      0.0       0.0   0.0      0.0      0.0         0         0    0.000       0      0
 Sum    730/0   40.18 GB   0.0      0.0     0.0      0.0       0.2      0.2       0.0   1.0      0.0    137.0         2         2    0.819       0      0
 Int      0/0    0.00 KB   0.0      0.0     0.0      0.0       0.0      0.0       0.0   0.0      0.0      0.0         0         0    0.000       0      0
Uptime(secs): 3.2 total, 0.0 interval
Flush(GB): cumulative 0.219, interval 0.000
AddFile(GB): cumulative 0.000, interval 0.000
AddFile(Total Files): cumulative 0, interval 0
AddFile(L0 Files): cumulative 0, interval 0
AddFile(Keys): cumulative 0, interval 0
Cumulative compaction: 0.22 GB write, 69.87 MB/s write, 0.00 GB read, 0.00 MB/s read, 1.6 seconds
Interval compaction: 0.00 GB write, 0.00 MB/s write, 0.00 GB read, 0.00 MB/s read, 0.0 seconds
Stalls(count): 0 level0_slowdown, 0 level0_slowdown_with_compaction, 0 level0_numfiles, 0 level0_numfiles_with_compaction, 0 stop for pending_compaction_bytes, 0 slowdown for pending_compaction_bytes, 0 memtable_compaction, 0 memtable_slowdown, interval 0 total count

** File Read Latency Histogram By Level [usertable] **
2019/03/23-13:21:44.364458 7ff83ae80700 [db/compaction_job.cc:1531] [usertable] [JOB 3] Compacting 1@0 files to L1, score 1.50
2019/03/23-13:21:44.364466 7ff83ae80700 [db/compaction_job.cc:1535] [usertable] Compaction start summary: Base version 5 Base level 0, inputs: [985(171MB)]
2019/03/23-13:21:44.364499 7ff83ae80700 EVENT_LOG_v1 {"time_micros": 1553372504364477, "job": 3, "event": "compaction_started", "compaction_reason": "LevelL0FilesNum", "files_L0": [985], "score": 1.5, "input_data_size": 179448389}
2019/03/23-13:21:45.351151 7ff83ae80700 [db/compaction_job.cc:1211] [usertable] [JOB 3] Generated table #1395: 16279 keys, 67421976 bytes
2019/03/23-13:21:45.351217 7ff83ae80700 EVENT_LOG_v1 {"time_micros": 1553372505351184, "cf_name": "usertable", "job": 3, "event": "table_file_creation", "file_number": 1395, "file_size": 67421976, "table_properties": {"data_size": 67120139, "index_size": 300916, "filter_size": 0, "raw_key_size": 390696, "raw_average_key_size": 24, "raw_value_size": 66678784, "raw_average_value_size": 4096, "num_data_blocks": 8140, "num_entries": 16279, "filter_policy_name": "", "kDeletedKeys": "0", "kMergeOperands": "0"}}
2019/03/23-13:21:46.195645 7ff83ae80700 [db/compaction_job.cc:1211] [usertable] [JOB 3] Generated table #1396: 16279 keys, 67418361 bytes
2019/03/23-13:21:46.195733 7ff83ae80700 EVENT_LOG_v1 {"time_micros": 1553372506195700, "cf_name": "usertable", "job": 3, "event": "table_file_creation", "file_number": 1396, "file_size": 67418361, "table_properties": {"data_size": 67118331, "index_size": 299109, "filter_size": 0, "raw_key_size": 390696, "raw_average_key_size": 24, "raw_value_size": 66678784, "raw_average_value_size": 4096, "num_data_blocks": 8140, "num_entries": 16279, "filter_policy_name": "", "kDeletedKeys": "0", "kMergeOperands": "0"}}
2019/03/23-13:21:46.646449 7ff83ae80700 [db/compaction_job.cc:1211] [usertable] [JOB 3] Generated table #1397: 10770 keys, 44605810 bytes
2019/03/23-13:21:46.646498 7ff83ae80700 EVENT_LOG_v1 {"time_micros": 1553372506646477, "cf_name": "usertable", "job": 3, "event": "table_file_creation", "file_number": 1397, "file_size": 44605810, "table_properties": {"data_size": 44405908, "index_size": 198981, "filter_size": 0, "raw_key_size": 258480, "raw_average_key_size": 24, "raw_value_size": 44113920, "raw_average_value_size": 4096, "num_data_blocks": 5385, "num_entries": 10770, "filter_policy_name": "", "kDeletedKeys": "0", "kMergeOperands": "0"}}
2019/03/23-13:21:46.646580 7ff83ae80700 [db/compaction_job.cc:1287] [usertable] [JOB 3] Compacted 1@0 files to L1 => 179446147 bytes
2019/03/23-13:21:46.678339 7ff83ae80700 (Original Log Time 2019/03/23-13:21:46.678134) [db/compaction_job.cc:685] [usertable] compacted to: base level 1 max bytes base 536870912 files[2 11 170 549 0 0 0] max score 1.24, MB/sec: 78.6 rd, 78.6 wr, level 1, files in(1, 0) out(3) MB in(171.1, 0.0) out(171.1), read-write-amplify(2.0) write-amplify(1.0) OK, records in: 43328, records dropped: 0 output_compression: NoCompression
2019/03/23-13:21:46.678354 7ff83ae80700 (Original Log Time 2019/03/23-13:21:46.678185) EVENT_LOG_v1 {"time_micros": 1553372506678165, "job": 3, "event": "compaction_finished", "compaction_time_micros": 2282028, "output_level": 1, "num_output_files": 3, "total_output_size": 179446147, "num_input_records": 43328, "num_output_records": 43328, "num_subcompactions": 1, "output_compression": "NoCompression", "num_single_delete_mismatches": 0, "num_single_delete_fallthrough": 0, "lsm_state": [2, 11, 170, 549, 0, 0, 0]}
2019/03/23-13:21:46.678596 7ff83a67f700 [db/compaction_job.cc:1531] [usertable] [JOB 4] Compacting 1@1 files to L2, score 1.24
2019/03/23-13:21:46.678609 7ff83a67f700 [db/compaction_job.cc:1535] [usertable] Compaction start summary: Base version 6 Base level 1, inputs: [1395(64MB)]
2019/03/23-13:21:46.678640 7ff83a67f700 EVENT_LOG_v1 {"time_micros": 1553372506678621, "job": 4, "event": "compaction_started", "compaction_reason": "LevelMaxLevelSize", "files_L1": [1395], "score": 1.23807, "input_data_size": 67421976}
2019/03/23-13:21:47.116792 7ff83a67f700 [db/compaction_job.cc:1211] [usertable] [JOB 4] Generated table #1398: 16279 keys, 67233553 bytes
2019/03/23-13:21:47.116840 7ff83a67f700 EVENT_LOG_v1 {"time_micros": 1553372507116819, "cf_name": "usertable", "job": 4, "event": "table_file_creation", "file_number": 1398, "file_size": 67233553, "table_properties": {"data_size": 67120139, "index_size": 300916, "filter_size": 0, "raw_key_size": 390696, "raw_average_key_size": 24, "raw_value_size": 66678784, "raw_average_value_size": 4096, "num_data_blocks": 8140, "num_entries": 16279, "filter_policy_name": "", "kDeletedKeys": "0", "kMergeOperands": "0"}}
2019/03/23-13:21:47.116891 7ff83a67f700 [db/compaction_job.cc:1287] [usertable] [JOB 4] Compacted 1@1 files to L2 => 67233553 bytes
2019/03/23-13:21:47.149434 7ff83a67f700 (Original Log Time 2019/03/23-13:21:47.149294) [db/compaction_job.cc:685] [usertable] compacted to: base level 1 max bytes base 536870912 files[2 10 171 549 0 0 0] max score 1.11, MB/sec: 153.9 rd, 153.4 wr, level 2, files in(1, 0) out(1) MB in(64.3, 0.0) out(64.1), read-write-amplify(2.0) write-amplify(1.0) OK, records in: 16279, records dropped: 0 output_compression: LZ4
2019/03/23-13:21:47.149442 7ff83a67f700 (Original Log Time 2019/03/23-13:21:47.149336) EVENT_LOG_v1 {"time_micros": 1553372507149321, "job": 4, "event": "compaction_finished", "compaction_time_micros": 438219, "output_level": 2, "num_output_files": 1, "total_output_size": 67233553, "num_input_records": 16279, "num_output_records": 16279, "num_subcompactions": 1, "output_compression": "LZ4", "num_single_delete_mismatches": 0, "num_single_delete_fallthrough": 0, "lsm_state": [2, 10, 171, 549, 0, 0, 0]}
2019/03/23-13:21:47.175394 7ff83a67f700 EVENT_LOG_v1 {"time_micros": 1553372507175380, "job": 4, "event": "table_file_deletion", "file_number": 985}
2019/03/23-13:21:47.175630 7ff839e7e700 [db/compaction_job.cc:1531] [usertable] [JOB 5] Compacting 1@1 files to L2, score 1.11
2019/03/23-13:21:47.175646 7ff839e7e700 [db/compaction_job.cc:1535] [usertable] Compaction start summary: Base version 7 Base level 1, inputs: [1396(64MB)]
2019/03/23-13:21:47.175683 7ff839e7e700 EVENT_LOG_v1 {"time_micros": 1553372507175656, "job": 5, "event": "compaction_started", "compaction_reason": "LevelMaxLevelSize", "files_L1": [1396], "score": 1.11249, "input_data_size": 67418361}
2019/03/23-13:21:47.616650 7ff839e7e700 [db/compaction_job.cc:1211] [usertable] [JOB 5] Generated table #1399: 16279 keys, 67233369 bytes
2019/03/23-13:21:47.616699 7ff839e7e700 EVENT_LOG_v1 {"time_micros": 1553372507616677, "cf_name": "usertable", "job": 5, "event": "table_file_creation", "file_number": 1399, "file_size": 67233369, "table_properties": {"data_size": 67118331, "index_size": 299109, "filter_size": 0, "raw_key_size": 390696, "raw_average_key_size": 24, "raw_value_size": 66678784, "raw_average_value_size": 4096, "num_data_blocks": 8140, "num_entries": 16279, "filter_policy_name": "", "kDeletedKeys": "0", "kMergeOperands": "0"}}
2019/03/23-13:21:47.616746 7ff839e7e700 [db/compaction_job.cc:1287] [usertable] [JOB 5] Compacted 1@1 files to L2 => 67233369 bytes
