2019/03/23-01:55:21.640213 7f32c9cf1700 RocksDB version: 5.14.3
2019/03/23-01:55:21.640273 7f32c9cf1700 Git sha rocksdb_build_git_sha:
2019/03/23-01:55:21.640276 7f32c9cf1700 Compile date Oct  9 2018
2019/03/23-01:55:21.640285 7f32c9cf1700 DB SUMMARY
2019/03/23-01:55:21.640976 7f32c9cf1700 CURRENT file:  CURRENT
2019/03/23-01:55:21.640979 7f32c9cf1700 IDENTITY file:  IDENTITY
2019/03/23-01:55:21.640990 7f32c9cf1700 MANIFEST file:  MANIFEST-000004 size: 132416 Bytes
2019/03/23-01:55:21.640993 7f32c9cf1700 SST files in /mnt/sdd/ycsb-rocksdb-data dir, Total Num: 732, files: 000022.sst 000024.sst 000025.sst 000027.sst 000028.sst 000029.sst 000035.sst 000036.sst 000037.sst 
2019/03/23-01:55:21.640997 7f32c9cf1700 Write Ahead Log file in /mnt/sdd/ycsb-rocksdb-data: 001370.log size: 107676045 ; 001376.log size: 102951370 ; 
2019/03/23-01:55:21.641024 7f32c9cf1700                         Options.error_if_exists: 0
2019/03/23-01:55:21.641025 7f32c9cf1700                       Options.create_if_missing: 1
2019/03/23-01:55:21.641026 7f32c9cf1700                         Options.paranoid_checks: 1
2019/03/23-01:55:21.641027 7f32c9cf1700                                     Options.env: 0x7f32c936c080
2019/03/23-01:55:21.641028 7f32c9cf1700                                Options.info_log: 0x7f31f83ba0f0
2019/03/23-01:55:21.641029 7f32c9cf1700                Options.max_file_opening_threads: 16
2019/03/23-01:55:21.641030 7f32c9cf1700                              Options.statistics: (nil)
2019/03/23-01:55:21.641031 7f32c9cf1700                               Options.use_fsync: 0
2019/03/23-01:55:21.641032 7f32c9cf1700                       Options.max_log_file_size: 0
2019/03/23-01:55:21.641033 7f32c9cf1700                  Options.max_manifest_file_size: 18446744073709551615
2019/03/23-01:55:21.641034 7f32c9cf1700                   Options.log_file_time_to_roll: 0
2019/03/23-01:55:21.641035 7f32c9cf1700                       Options.keep_log_file_num: 1000
2019/03/23-01:55:21.641036 7f32c9cf1700                    Options.recycle_log_file_num: 0
2019/03/23-01:55:21.641037 7f32c9cf1700                         Options.allow_fallocate: 1
2019/03/23-01:55:21.641038 7f32c9cf1700                        Options.allow_mmap_reads: 0
2019/03/23-01:55:21.641039 7f32c9cf1700                       Options.allow_mmap_writes: 0
2019/03/23-01:55:21.641040 7f32c9cf1700                        Options.use_direct_reads: 0
2019/03/23-01:55:21.641041 7f32c9cf1700                        Options.use_direct_io_for_flush_and_compaction: 0
2019/03/23-01:55:21.641042 7f32c9cf1700          Options.create_missing_column_families: 1
2019/03/23-01:55:21.641043 7f32c9cf1700                              Options.db_log_dir: 
2019/03/23-01:55:21.641044 7f32c9cf1700                                 Options.wal_dir: /mnt/sdd/ycsb-rocksdb-data
2019/03/23-01:55:21.641045 7f32c9cf1700                Options.table_cache_numshardbits: 6
2019/03/23-01:55:21.641046 7f32c9cf1700                      Options.max_subcompactions: 4
2019/03/23-01:55:21.641047 7f32c9cf1700                  Options.max_background_flushes: 24
2019/03/23-01:55:21.641048 7f32c9cf1700                         Options.WAL_ttl_seconds: 0
2019/03/23-01:55:21.641049 7f32c9cf1700                       Options.WAL_size_limit_MB: 0
2019/03/23-01:55:21.641050 7f32c9cf1700             Options.manifest_preallocation_size: 4194304
2019/03/23-01:55:21.641051 7f32c9cf1700                     Options.is_fd_close_on_exec: 1
2019/03/23-01:55:21.641052 7f32c9cf1700                   Options.advise_random_on_open: 1
2019/03/23-01:55:21.641052 7f32c9cf1700                    Options.db_write_buffer_size: 0
2019/03/23-01:55:21.641053 7f32c9cf1700                    Options.write_buffer_manager: 0x7f31f83ba380
2019/03/23-01:55:21.641054 7f32c9cf1700         Options.access_hint_on_compaction_start: 1
2019/03/23-01:55:21.641055 7f32c9cf1700  Options.new_table_reader_for_compaction_inputs: 0
2019/03/23-01:55:21.641056 7f32c9cf1700           Options.random_access_max_buffer_size: 1048576
2019/03/23-01:55:21.641057 7f32c9cf1700                      Options.use_adaptive_mutex: 0
2019/03/23-01:55:21.641058 7f32c9cf1700                            Options.rate_limiter: (nil)
2019/03/23-01:55:21.641072 7f32c9cf1700     Options.sst_file_manager.rate_bytes_per_sec: 0
2019/03/23-01:55:21.641074 7f32c9cf1700                       Options.wal_recovery_mode: 2
2019/03/23-01:55:21.641075 7f32c9cf1700                  Options.enable_thread_tracking: 0
2019/03/23-01:55:21.641076 7f32c9cf1700                  Options.enable_pipelined_write: 1
2019/03/23-01:55:21.641076 7f32c9cf1700         Options.allow_concurrent_memtable_write: 1
2019/03/23-01:55:21.641077 7f32c9cf1700      Options.enable_write_thread_adaptive_yield: 1
2019/03/23-01:55:21.641078 7f32c9cf1700             Options.write_thread_max_yield_usec: 100
2019/03/23-01:55:21.641079 7f32c9cf1700            Options.write_thread_slow_yield_usec: 3
2019/03/23-01:55:21.641080 7f32c9cf1700                               Options.row_cache: None
2019/03/23-01:55:21.641081 7f32c9cf1700                              Options.wal_filter: None
2019/03/23-01:55:21.641082 7f32c9cf1700             Options.avoid_flush_during_recovery: 0
2019/03/23-01:55:21.641083 7f32c9cf1700             Options.allow_ingest_behind: 0
2019/03/23-01:55:21.641084 7f32c9cf1700             Options.preserve_deletes: 0
2019/03/23-01:55:21.641085 7f32c9cf1700             Options.two_write_queues: 0
2019/03/23-01:55:21.641086 7f32c9cf1700             Options.manual_wal_flush: 0
2019/03/23-01:55:21.641088 7f32c9cf1700             Options.max_background_jobs: 24
2019/03/23-01:55:21.641089 7f32c9cf1700             Options.max_background_compactions: 24
2019/03/23-01:55:21.641090 7f32c9cf1700             Options.avoid_flush_during_shutdown: 0
2019/03/23-01:55:21.641091 7f32c9cf1700           Options.writable_file_max_buffer_size: 1048576
2019/03/23-01:55:21.641092 7f32c9cf1700             Options.delayed_write_rate : 16777216
2019/03/23-01:55:21.641093 7f32c9cf1700             Options.max_total_wal_size: 0
2019/03/23-01:55:21.641094 7f32c9cf1700             Options.delete_obsolete_files_period_micros: 21600000000
2019/03/23-01:55:21.641095 7f32c9cf1700                   Options.stats_dump_period_sec: 60
2019/03/23-01:55:21.641096 7f32c9cf1700                          Options.max_open_files: -1
2019/03/23-01:55:21.641097 7f32c9cf1700                          Options.bytes_per_sync: 1048576
2019/03/23-01:55:21.641098 7f32c9cf1700                      Options.wal_bytes_per_sync: 0
2019/03/23-01:55:21.641099 7f32c9cf1700       Options.compaction_readahead_size: 0
2019/03/23-01:55:21.641100 7f32c9cf1700 Compression algorithms supported:
2019/03/23-01:55:21.641101 7f32c9cf1700 	kZSTDNotFinalCompression supported: 1
2019/03/23-01:55:21.641108 7f32c9cf1700 	kZSTD supported: 1
2019/03/23-01:55:21.641109 7f32c9cf1700 	kXpressCompression supported: 0
2019/03/23-01:55:21.641111 7f32c9cf1700 	kLZ4HCCompression supported: 1
2019/03/23-01:55:21.641112 7f32c9cf1700 	kLZ4Compression supported: 1
2019/03/23-01:55:21.641113 7f32c9cf1700 	kBZip2Compression supported: 1
2019/03/23-01:55:21.641114 7f32c9cf1700 	kZlibCompression supported: 1
2019/03/23-01:55:21.641115 7f32c9cf1700 	kSnappyCompression supported: 1
2019/03/23-01:55:21.641118 7f32c9cf1700 Fast CRC32 supported: Not supported on x86
2019/03/23-01:55:21.641555 7f32c9cf1700 [db/version_set.cc:3085] Recovering from manifest file: MANIFEST-000004
2019/03/23-01:55:21.641647 7f32c9cf1700 [db/column_family.cc:475] --------------- Options for column family [default]:
2019/03/23-01:55:21.641651 7f32c9cf1700               Options.comparator: leveldb.BytewiseComparator
2019/03/23-01:55:21.641652 7f32c9cf1700           Options.merge_operator: None
2019/03/23-01:55:21.641653 7f32c9cf1700        Options.compaction_filter: None
2019/03/23-01:55:21.641654 7f32c9cf1700        Options.compaction_filter_factory: None
2019/03/23-01:55:21.641655 7f32c9cf1700         Options.memtable_factory: SkipListFactory
2019/03/23-01:55:21.641656 7f32c9cf1700            Options.table_factory: BlockBasedTable
2019/03/23-01:55:21.641682 7f32c9cf1700            table_factory options:   flush_block_policy_factory: FlushBlockBySizePolicyFactory (0x7f31f83b4690)
  cache_index_and_filter_blocks: 0
  cache_index_and_filter_blocks_with_high_priority: 0
  pin_l0_filter_and_index_blocks_in_cache: 0
  index_type: 0
  hash_index_allow_collision: 1
  checksum: 1
  no_block_cache: 0
  block_cache: 0x7f31f83a6570
  block_cache_name: LRUCache
  block_cache_options:
    capacity : 8388608
    num_shard_bits : 4
    strict_capacity_limit : 0
    high_pri_pool_ratio: 0.000
  block_cache_compressed: (nil)
  persistent_cache: (nil)
  block_size: 8192
  block_size_deviation: 10
  block_restart_interval: 16
  index_block_restart_interval: 1
  metadata_block_size: 4096
  partition_filters: 0
  use_delta_encoding: 1
  filter_policy: nullptr
  whole_key_filtering: 1
  verify_compression: 0
  read_amp_bytes_per_bit: 0
  format_version: 2
  enable_index_compression: 1
  block_align: 0
2019/03/23-01:55:21.641695 7f32c9cf1700        Options.write_buffer_size: 134217728
2019/03/23-01:55:21.641696 7f32c9cf1700  Options.max_write_buffer_number: 24
2019/03/23-01:55:21.641698 7f32c9cf1700        Options.compression[0]: NoCompression
2019/03/23-01:55:21.641699 7f32c9cf1700        Options.compression[1]: NoCompression
2019/03/23-01:55:21.641701 7f32c9cf1700        Options.compression[2]: LZ4
2019/03/23-01:55:21.641702 7f32c9cf1700        Options.compression[3]: LZ4
2019/03/23-01:55:21.641703 7f32c9cf1700        Options.compression[4]: LZ4
2019/03/23-01:55:21.641704 7f32c9cf1700        Options.compression[5]: LZ4
2019/03/23-01:55:21.641705 7f32c9cf1700        Options.compression[6]: LZ4
2019/03/23-01:55:21.641706 7f32c9cf1700                  Options.bottommost_compression: Disabled
2019/03/23-01:55:21.641707 7f32c9cf1700       Options.prefix_extractor: nullptr
2019/03/23-01:55:21.641708 7f32c9cf1700   Options.memtable_insert_with_hint_prefix_extractor: nullptr
2019/03/23-01:55:21.641709 7f32c9cf1700             Options.num_levels: 7
2019/03/23-01:55:21.641710 7f32c9cf1700        Options.min_write_buffer_number_to_merge: 2
2019/03/23-01:55:21.641711 7f32c9cf1700     Options.max_write_buffer_number_to_maintain: 0
2019/03/23-01:55:21.641712 7f32c9cf1700            Options.compression_opts.window_bits: -14
2019/03/23-01:55:21.641713 7f32c9cf1700                  Options.compression_opts.level: -1
2019/03/23-01:55:21.641714 7f32c9cf1700               Options.compression_opts.strategy: 0
2019/03/23-01:55:21.641715 7f32c9cf1700         Options.compression_opts.max_dict_bytes: 0
2019/03/23-01:55:21.641716 7f32c9cf1700         Options.compression_opts.zstd_max_train_bytes: 0
2019/03/23-01:55:21.641717 7f32c9cf1700      Options.level0_file_num_compaction_trigger: 2
2019/03/23-01:55:21.641718 7f32c9cf1700          Options.level0_slowdown_writes_trigger: 20
2019/03/23-01:55:21.641719 7f32c9cf1700              Options.level0_stop_writes_trigger: 36
2019/03/23-01:55:21.641720 7f32c9cf1700                   Options.target_file_size_base: 67108864
2019/03/23-01:55:21.641721 7f32c9cf1700             Options.target_file_size_multiplier: 1
2019/03/23-01:55:21.641722 7f32c9cf1700                Options.max_bytes_for_level_base: 536870912
2019/03/23-01:55:21.641723 7f32c9cf1700 Options.level_compaction_dynamic_level_bytes: 0
2019/03/23-01:55:21.641724 7f32c9cf1700          Options.max_bytes_for_level_multiplier: 10.000000
2019/03/23-01:55:21.641727 7f32c9cf1700 Options.max_bytes_for_level_multiplier_addtl[0]: 1
2019/03/23-01:55:21.641728 7f32c9cf1700 Options.max_bytes_for_level_multiplier_addtl[1]: 1
2019/03/23-01:55:21.641729 7f32c9cf1700 Options.max_bytes_for_level_multiplier_addtl[2]: 1
2019/03/23-01:55:21.641730 7f32c9cf1700 Options.max_bytes_for_level_multiplier_addtl[3]: 1
2019/03/23-01:55:21.641731 7f32c9cf1700 Options.max_bytes_for_level_multiplier_addtl[4]: 1
2019/03/23-01:55:21.641732 7f32c9cf1700 Options.max_bytes_for_level_multiplier_addtl[5]: 1
2019/03/23-01:55:21.641733 7f32c9cf1700 Options.max_bytes_for_level_multiplier_addtl[6]: 1
2019/03/23-01:55:21.641734 7f32c9cf1700       Options.max_sequential_skip_in_iterations: 8
2019/03/23-01:55:21.641735 7f32c9cf1700                    Options.max_compaction_bytes: 1677721600
2019/03/23-01:55:21.641742 7f32c9cf1700                        Options.arena_block_size: 16777216
2019/03/23-01:55:21.641743 7f32c9cf1700   Options.soft_pending_compaction_bytes_limit: 68719476736
2019/03/23-01:55:21.641744 7f32c9cf1700   Options.hard_pending_compaction_bytes_limit: 274877906944
2019/03/23-01:55:21.641745 7f32c9cf1700       Options.rate_limit_delay_max_milliseconds: 100
2019/03/23-01:55:21.641746 7f32c9cf1700                Options.disable_auto_compactions: 0
2019/03/23-01:55:21.641748 7f32c9cf1700                        Options.compaction_style: kCompactionStyleLevel
2019/03/23-01:55:21.641749 7f32c9cf1700                          Options.compaction_pri: kByCompensatedSize
2019/03/23-01:55:21.641750 7f32c9cf1700 Options.compaction_options_universal.size_ratio: 1
2019/03/23-01:55:21.641751 7f32c9cf1700 Options.compaction_options_universal.min_merge_width: 2
2019/03/23-01:55:21.641752 7f32c9cf1700 Options.compaction_options_universal.max_merge_width: 4294967295
2019/03/23-01:55:21.641753 7f32c9cf1700 Options.compaction_options_universal.max_size_amplification_percent: 200
2019/03/23-01:55:21.641754 7f32c9cf1700 Options.compaction_options_universal.compression_size_percent: -1
2019/03/23-01:55:21.641756 7f32c9cf1700 Options.compaction_options_universal.stop_style: kCompactionStopStyleTotalSize
2019/03/23-01:55:21.641757 7f32c9cf1700 Options.compaction_options_fifo.max_table_files_size: 1073741824
2019/03/23-01:55:21.641758 7f32c9cf1700 Options.compaction_options_fifo.allow_compaction: 0
2019/03/23-01:55:21.641759 7f32c9cf1700 Options.compaction_options_fifo.ttl: 0
2019/03/23-01:55:21.641760 7f32c9cf1700                   Options.table_properties_collectors: 
2019/03/23-01:55:21.641761 7f32c9cf1700                   Options.inplace_update_support: 0
2019/03/23-01:55:21.641762 7f32c9cf1700                 Options.inplace_update_num_locks: 10000
2019/03/23-01:55:21.641763 7f32c9cf1700               Options.memtable_prefix_bloom_size_ratio: 0.000000
2019/03/23-01:55:21.641764 7f32c9cf1700   Options.memtable_huge_page_size: 0
2019/03/23-01:55:21.641765 7f32c9cf1700                           Options.bloom_locality: 0
2019/03/23-01:55:21.641766 7f32c9cf1700                    Options.max_successive_merges: 0
2019/03/23-01:55:21.641767 7f32c9cf1700                Options.optimize_filters_for_hits: 0
2019/03/23-01:55:21.641768 7f32c9cf1700                Options.paranoid_file_checks: 0
2019/03/23-01:55:21.641769 7f32c9cf1700                Options.force_consistency_checks: 0
2019/03/23-01:55:21.641770 7f32c9cf1700                Options.report_bg_io_stats: 0
2019/03/23-01:55:21.641771 7f32c9cf1700                               Options.ttl: 0
2019/03/23-01:55:21.642240 7f32c9cf1700 [db/column_family.cc:475] --------------- Options for column family [usertable]:
2019/03/23-01:55:21.642244 7f32c9cf1700               Options.comparator: leveldb.BytewiseComparator
2019/03/23-01:55:21.642245 7f32c9cf1700           Options.merge_operator: None
2019/03/23-01:55:21.642246 7f32c9cf1700        Options.compaction_filter: None
2019/03/23-01:55:21.642247 7f32c9cf1700        Options.compaction_filter_factory: None
2019/03/23-01:55:21.642248 7f32c9cf1700         Options.memtable_factory: SkipListFactory
2019/03/23-01:55:21.642249 7f32c9cf1700            Options.table_factory: BlockBasedTable
2019/03/23-01:55:21.642274 7f32c9cf1700            table_factory options:   flush_block_policy_factory: FlushBlockBySizePolicyFactory (0x7f31f83b0f40)
  cache_index_and_filter_blocks: 0
  cache_index_and_filter_blocks_with_high_priority: 0
  pin_l0_filter_and_index_blocks_in_cache: 0
  index_type: 0
  hash_index_allow_collision: 1
  checksum: 1
  no_block_cache: 0
  block_cache: 0x7f31f83b6fa0
  block_cache_name: LRUCache
  block_cache_options:
    capacity : 8388608
    num_shard_bits : 4
    strict_capacity_limit : 0
    high_pri_pool_ratio: 0.000
  block_cache_compressed: (nil)
  persistent_cache: (nil)
  block_size: 8192
  block_size_deviation: 10
  block_restart_interval: 16
  index_block_restart_interval: 1
  metadata_block_size: 4096
  partition_filters: 0
  use_delta_encoding: 1
  filter_policy: nullptr
  whole_key_filtering: 1
  verify_compression: 0
  read_amp_bytes_per_bit: 0
  format_version: 2
  enable_index_compression: 1
  block_align: 0
2019/03/23-01:55:21.642286 7f32c9cf1700        Options.write_buffer_size: 134217728
2019/03/23-01:55:21.642287 7f32c9cf1700  Options.max_write_buffer_number: 24
2019/03/23-01:55:21.642288 7f32c9cf1700        Options.compression[0]: NoCompression
2019/03/23-01:55:21.642290 7f32c9cf1700        Options.compression[1]: NoCompression
2019/03/23-01:55:21.642291 7f32c9cf1700        Options.compression[2]: LZ4
2019/03/23-01:55:21.642292 7f32c9cf1700        Options.compression[3]: LZ4
2019/03/23-01:55:21.642293 7f32c9cf1700        Options.compression[4]: LZ4
2019/03/23-01:55:21.642294 7f32c9cf1700        Options.compression[5]: LZ4
2019/03/23-01:55:21.642295 7f32c9cf1700        Options.compression[6]: LZ4
2019/03/23-01:55:21.642296 7f32c9cf1700                  Options.bottommost_compression: Disabled
2019/03/23-01:55:21.642297 7f32c9cf1700       Options.prefix_extractor: nullptr
2019/03/23-01:55:21.642298 7f32c9cf1700   Options.memtable_insert_with_hint_prefix_extractor: nullptr
2019/03/23-01:55:21.642299 7f32c9cf1700             Options.num_levels: 7
2019/03/23-01:55:21.642300 7f32c9cf1700        Options.min_write_buffer_number_to_merge: 2
2019/03/23-01:55:21.642301 7f32c9cf1700     Options.max_write_buffer_number_to_maintain: 0
2019/03/23-01:55:21.642302 7f32c9cf1700            Options.compression_opts.window_bits: -14
2019/03/23-01:55:21.642303 7f32c9cf1700                  Options.compression_opts.level: -1
2019/03/23-01:55:21.642304 7f32c9cf1700               Options.compression_opts.strategy: 0
2019/03/23-01:55:21.642305 7f32c9cf1700         Options.compression_opts.max_dict_bytes: 0
2019/03/23-01:55:21.642306 7f32c9cf1700         Options.compression_opts.zstd_max_train_bytes: 0
2019/03/23-01:55:21.642307 7f32c9cf1700      Options.level0_file_num_compaction_trigger: 2
2019/03/23-01:55:21.642308 7f32c9cf1700          Options.level0_slowdown_writes_trigger: 20
2019/03/23-01:55:21.642309 7f32c9cf1700              Options.level0_stop_writes_trigger: 36
2019/03/23-01:55:21.642309 7f32c9cf1700                   Options.target_file_size_base: 67108864
2019/03/23-01:55:21.642310 7f32c9cf1700             Options.target_file_size_multiplier: 1
2019/03/23-01:55:21.642311 7f32c9cf1700                Options.max_bytes_for_level_base: 536870912
2019/03/23-01:55:21.642312 7f32c9cf1700 Options.level_compaction_dynamic_level_bytes: 0
2019/03/23-01:55:21.642313 7f32c9cf1700          Options.max_bytes_for_level_multiplier: 10.000000
2019/03/23-01:55:21.642316 7f32c9cf1700 Options.max_bytes_for_level_multiplier_addtl[0]: 1
2019/03/23-01:55:21.642317 7f32c9cf1700 Options.max_bytes_for_level_multiplier_addtl[1]: 1
2019/03/23-01:55:21.642318 7f32c9cf1700 Options.max_bytes_for_level_multiplier_addtl[2]: 1
2019/03/23-01:55:21.642319 7f32c9cf1700 Options.max_bytes_for_level_multiplier_addtl[3]: 1
2019/03/23-01:55:21.642320 7f32c9cf1700 Options.max_bytes_for_level_multiplier_addtl[4]: 1
2019/03/23-01:55:21.642321 7f32c9cf1700 Options.max_bytes_for_level_multiplier_addtl[5]: 1
2019/03/23-01:55:21.642321 7f32c9cf1700 Options.max_bytes_for_level_multiplier_addtl[6]: 1
2019/03/23-01:55:21.642322 7f32c9cf1700       Options.max_sequential_skip_in_iterations: 8
2019/03/23-01:55:21.642323 7f32c9cf1700                    Options.max_compaction_bytes: 1677721600
2019/03/23-01:55:21.642324 7f32c9cf1700                        Options.arena_block_size: 16777216
2019/03/23-01:55:21.642326 7f32c9cf1700   Options.soft_pending_compaction_bytes_limit: 68719476736
2019/03/23-01:55:21.642327 7f32c9cf1700   Options.hard_pending_compaction_bytes_limit: 274877906944
2019/03/23-01:55:21.642328 7f32c9cf1700       Options.rate_limit_delay_max_milliseconds: 100
2019/03/23-01:55:21.642329 7f32c9cf1700                Options.disable_auto_compactions: 0
2019/03/23-01:55:21.642330 7f32c9cf1700                        Options.compaction_style: kCompactionStyleLevel
2019/03/23-01:55:21.642336 7f32c9cf1700                          Options.compaction_pri: kByCompensatedSize
2019/03/23-01:55:21.642338 7f32c9cf1700 Options.compaction_options_universal.size_ratio: 1
2019/03/23-01:55:21.642339 7f32c9cf1700 Options.compaction_options_universal.min_merge_width: 2
2019/03/23-01:55:21.642340 7f32c9cf1700 Options.compaction_options_universal.max_merge_width: 4294967295
2019/03/23-01:55:21.642341 7f32c9cf1700 Options.compaction_options_universal.max_size_amplification_percent: 200
2019/03/23-01:55:21.642342 7f32c9cf1700 Options.compaction_options_universal.compression_size_percent: -1
2019/03/23-01:55:21.642343 7f32c9cf1700 Options.compaction_options_universal.stop_style: kCompactionStopStyleTotalSize
2019/03/23-01:55:21.642344 7f32c9cf1700 Options.compaction_options_fifo.max_table_files_size: 1073741824
2019/03/23-01:55:21.642345 7f32c9cf1700 Options.compaction_options_fifo.allow_compaction: 0
2019/03/23-01:55:21.642346 7f32c9cf1700 Options.compaction_options_fifo.ttl: 0
2019/03/23-01:55:21.642347 7f32c9cf1700                   Options.table_properties_collectors: 
2019/03/23-01:55:21.642348 7f32c9cf1700                   Options.inplace_update_support: 0
2019/03/23-01:55:21.642349 7f32c9cf1700                 Options.inplace_update_num_locks: 10000
2019/03/23-01:55:21.642350 7f32c9cf1700               Options.memtable_prefix_bloom_size_ratio: 0.000000
2019/03/23-01:55:21.642351 7f32c9cf1700   Options.memtable_huge_page_size: 0
2019/03/23-01:55:21.642352 7f32c9cf1700                           Options.bloom_locality: 0
2019/03/23-01:55:21.642353 7f32c9cf1700                    Options.max_successive_merges: 0
2019/03/23-01:55:21.642354 7f32c9cf1700                Options.optimize_filters_for_hits: 0
2019/03/23-01:55:21.642355 7f32c9cf1700                Options.paranoid_file_checks: 0
2019/03/23-01:55:21.642356 7f32c9cf1700                Options.force_consistency_checks: 0
2019/03/23-01:55:21.642357 7f32c9cf1700                Options.report_bg_io_stats: 0
2019/03/23-01:55:21.642358 7f32c9cf1700                               Options.ttl: 0
2019/03/23-01:55:22.218614 7f32c9cf1700 [db/version_set.cc:3361] Recovered from manifest file:/mnt/sdd/ycsb-rocksdb-data/MANIFEST-000004 succeeded,manifest_file_number is 4, next_file_number is 1377, last_sequence is 10409537, log_number is 0,prev_log_number is 0,max_column_family is 1,min_log_number_to_keep is 0
2019/03/23-01:55:22.218627 7f32c9cf1700 [db/version_set.cc:3369] Column family [default] (ID 0), log number is 0
2019/03/23-01:55:22.218630 7f32c9cf1700 [db/version_set.cc:3369] Column family [usertable] (ID 1), log number is 1370
2019/03/23-01:55:22.221540 7f32c9cf1700 EVENT_LOG_v1 {"time_micros": 1553331322221513, "job": 1, "event": "recovery_started", "log_files": [1370, 1376]}
2019/03/23-01:55:22.221557 7f32c9cf1700 [db/db_impl_open.cc:551] Recovering log #1370 mode 2
2019/03/23-01:55:22.553729 7f32c9cf1700 [db/db_impl_open.cc:551] Recovering log #1376 mode 2
2019/03/23-01:55:23.139312 7f32c9cf1700 EVENT_LOG_v1 {"time_micros": 1553331323139281, "cf_name": "usertable", "job": 1, "event": "table_file_creation", "file_number": 1377, "file_size": 129902323, "table_properties": {"data_size": 129321394, "index_size": 580007, "filter_size": 0, "raw_key_size": 752760, "raw_average_key_size": 24, "raw_value_size": 128471040, "raw_average_value_size": 4096, "num_data_blocks": 15683, "num_entries": 31365, "filter_policy_name": "", "kDeletedKeys": "0", "kMergeOperands": "0"}}
2019/03/23-01:55:23.388658 7f32c9cf1700 [db/version_set.cc:2847] Creating manifest 1378
2019/03/23-01:55:23.755309 7f32c9cf1700 EVENT_LOG_v1 {"time_micros": 1553331323755270, "cf_name": "usertable", "job": 1, "event": "table_file_creation", "file_number": 1379, "file_size": 80977269, "table_properties": {"data_size": 80617033, "index_size": 359314, "filter_size": 0, "raw_key_size": 469272, "raw_average_key_size": 24, "raw_value_size": 80089088, "raw_average_value_size": 4096, "num_data_blocks": 9777, "num_entries": 19553, "filter_policy_name": "", "kDeletedKeys": "0", "kMergeOperands": "0"}}
2019/03/23-01:55:23.784427 7f32c9cf1700 EVENT_LOG_v1 {"time_micros": 1553331323784414, "job": 1, "event": "recovery_finished"}
2019/03/23-01:55:23.916137 7f32c9cf1700 [db/db_impl_open.cc:1219] DB pointer 0x7f31f83b3170
2019/03/23-01:55:23.918248 7f32a3fff700 [WARN] [db/db_impl.cc:491] ------- DUMPING STATS -------
2019/03/23-01:55:23.918319 7f32a3fff700 [WARN] [db/db_impl.cc:492] 
** DB Stats **
Uptime(secs): 2.3 total, 2.3 interval
Cumulative writes: 0 writes, 0 keys, 0 commit groups, 0.0 writes per commit group, ingest: 0.00 GB, 0.00 MB/s
Cumulative WAL: 0 writes, 0 syncs, 0.00 writes per sync, written: 0.00 GB, 0.00 MB/s
Cumulative stall: 00:00:0.000 H:M:S, 0.0 percent
Interval writes: 0 writes, 0 keys, 0 commit groups, 0.0 writes per commit group, ingest: 0.00 MB, 0.00 MB/s
Interval WAL: 0 writes, 0 syncs, 0.00 writes per sync, written: 0.00 MB, 0.00 MB/s
Interval stall: 00:00:0.000 H:M:S, 0.0 percent

** Compaction Stats [default] **
Level    Files   Size     Score Read(GB)  Rn(GB) Rnp1(GB) Write(GB) Wnew(GB) Moved(GB) W-Amp Rd(MB/s) Wr(MB/s) Comp(sec) Comp(cnt) Avg(sec) KeyIn KeyDrop
----------------------------------------------------------------------------------------------------------------------------------------------------------
 Sum      0/0    0.00 KB   0.0      0.0     0.0      0.0       0.0      0.0       0.0   0.0      0.0      0.0         0         0    0.000       0      0
 Int      0/0    0.00 KB   0.0      0.0     0.0      0.0       0.0      0.0       0.0   0.0      0.0      0.0         0         0    0.000       0      0
Uptime(secs): 2.3 total, 2.3 interval
Flush(GB): cumulative 0.000, interval 0.000
AddFile(GB): cumulative 0.000, interval 0.000
AddFile(Total Files): cumulative 0, interval 0
AddFile(L0 Files): cumulative 0, interval 0
AddFile(Keys): cumulative 0, interval 0
Cumulative compaction: 0.00 GB write, 0.00 MB/s write, 0.00 GB read, 0.00 MB/s read, 0.0 seconds
Interval compaction: 0.00 GB write, 0.00 MB/s write, 0.00 GB read, 0.00 MB/s read, 0.0 seconds
Stalls(count): 0 level0_slowdown, 0 level0_slowdown_with_compaction, 0 level0_numfiles, 0 level0_numfiles_with_compaction, 0 stop for pending_compaction_bytes, 0 slowdown for pending_compaction_bytes, 0 memtable_compaction, 0 memtable_slowdown, interval 0 total count

** File Read Latency Histogram By Level [default] **

** Compaction Stats [usertable] **
Level    Files   Size     Score Read(GB)  Rn(GB) Rnp1(GB) Write(GB) Wnew(GB) Moved(GB) W-Amp Rd(MB/s) Wr(MB/s) Comp(sec) Comp(cnt) Avg(sec) KeyIn KeyDrop
----------------------------------------------------------------------------------------------------------------------------------------------------------
  L0      3/0   378.97 MB   1.5      0.0     0.0      0.0       0.2      0.2       0.0   1.0      0.0    243.0         1         2    0.414       0      0
  L1      8/0   474.84 MB   0.9      0.0     0.0      0.0       0.0      0.0       0.0   0.0      0.0      0.0         0         0    0.000       0      0
  L2    174/0    4.97 GB   1.0      0.0     0.0      0.0       0.0      0.0       0.0   0.0      0.0      0.0         0         0    0.000       0      0
  L3    549/0   34.38 GB   0.7      0.0     0.0      0.0       0.0      0.0       0.0   0.0      0.0      0.0         0         0    0.000       0      0
 Sum    734/0   40.18 GB   0.0      0.0     0.0      0.0       0.2      0.2       0.0   1.0      0.0    243.0         1         2    0.414       0      0
 Int      0/0    0.00 KB   0.0      0.0     0.0      0.0       0.2      0.2       0.0   1.0      0.0    243.0         1         2    0.414       0      0
Uptime(secs): 2.3 total, 2.3 interval
Flush(GB): cumulative 0.196, interval 0.196
AddFile(GB): cumulative 0.000, interval 0.000
AddFile(Total Files): cumulative 0, interval 0
AddFile(L0 Files): cumulative 0, interval 0
AddFile(Keys): cumulative 0, interval 0
Cumulative compaction: 0.20 GB write, 88.37 MB/s write, 0.00 GB read, 0.00 MB/s read, 0.8 seconds
Interval compaction: 0.20 GB write, 88.37 MB/s write, 0.00 GB read, 0.00 MB/s read, 0.8 seconds
Stalls(count): 0 level0_slowdown, 0 level0_slowdown_with_compaction, 0 level0_numfiles, 0 level0_numfiles_with_compaction, 0 stop for pending_compaction_bytes, 0 slowdown for pending_compaction_bytes, 0 memtable_compaction, 0 memtable_slowdown, interval 0 total count

** File Read Latency Histogram By Level [usertable] **

** Compaction Stats [default] **
Level    Files   Size     Score Read(GB)  Rn(GB) Rnp1(GB) Write(GB) Wnew(GB) Moved(GB) W-Amp Rd(MB/s) Wr(MB/s) Comp(sec) Comp(cnt) Avg(sec) KeyIn KeyDrop
----------------------------------------------------------------------------------------------------------------------------------------------------------
 Sum      0/0    0.00 KB   0.0      0.0     0.0      0.0       0.0      0.0       0.0   0.0      0.0      0.0         0         0    0.000       0      0
 Int      0/0    0.00 KB   0.0      0.0     0.0      0.0       0.0      0.0       0.0   0.0      0.0      0.0         0         0    0.000       0      0
Uptime(secs): 2.3 total, 0.0 interval
Flush(GB): cumulative 0.000, interval 0.000
AddFile(GB): cumulative 0.000, interval 0.000
AddFile(Total Files): cumulative 0, interval 0
AddFile(L0 Files): cumulative 0, interval 0
AddFile(Keys): cumulative 0, interval 0
Cumulative compaction: 0.00 GB write, 0.00 MB/s write, 0.00 GB read, 0.00 MB/s read, 0.0 seconds
Interval compaction: 0.00 GB write, 0.00 MB/s write, 0.00 GB read, 0.00 MB/s read, 0.0 seconds
Stalls(count): 0 level0_slowdown, 0 level0_slowdown_with_compaction, 0 level0_numfiles, 0 level0_numfiles_with_compaction, 0 stop for pending_compaction_bytes, 0 slowdown for pending_compaction_bytes, 0 memtable_compaction, 0 memtable_slowdown, interval 0 total count

** File Read Latency Histogram By Level [default] **

** Compaction Stats [usertable] **
Level    Files   Size     Score Read(GB)  Rn(GB) Rnp1(GB) Write(GB) Wnew(GB) Moved(GB) W-Amp Rd(MB/s) Wr(MB/s) Comp(sec) Comp(cnt) Avg(sec) KeyIn KeyDrop
----------------------------------------------------------------------------------------------------------------------------------------------------------
  L0      3/0   378.97 MB   1.5      0.0     0.0      0.0       0.2      0.2       0.0   1.0      0.0    243.0         1         2    0.414       0      0
  L1      8/0   474.84 MB   0.9      0.0     0.0      0.0       0.0      0.0       0.0   0.0      0.0      0.0         0         0    0.000       0      0
  L2    174/0    4.97 GB   1.0      0.0     0.0      0.0       0.0      0.0       0.0   0.0      0.0      0.0         0         0    0.000       0      0
  L3    549/0   34.38 GB   0.7      0.0     0.0      0.0       0.0      0.0       0.0   0.0      0.0      0.0         0         0    0.000       0      0
 Sum    734/0   40.18 GB   0.0      0.0     0.0      0.0       0.2      0.2       0.0   1.0      0.0    243.0         1         2    0.414       0      0
 Int      0/0    0.00 KB   0.0      0.0     0.0      0.0       0.0      0.0       0.0   0.0      0.0      0.0         0         0    0.000       0      0
Uptime(secs): 2.3 total, 0.0 interval
Flush(GB): cumulative 0.196, interval 0.000
AddFile(GB): cumulative 0.000, interval 0.000
AddFile(Total Files): cumulative 0, interval 0
AddFile(L0 Files): cumulative 0, interval 0
AddFile(Keys): cumulative 0, interval 0
Cumulative compaction: 0.20 GB write, 88.36 MB/s write, 0.00 GB read, 0.00 MB/s read, 0.8 seconds
Interval compaction: 0.00 GB write, 0.00 MB/s write, 0.00 GB read, 0.00 MB/s read, 0.0 seconds
Stalls(count): 0 level0_slowdown, 0 level0_slowdown_with_compaction, 0 level0_numfiles, 0 level0_numfiles_with_compaction, 0 stop for pending_compaction_bytes, 0 slowdown for pending_compaction_bytes, 0 memtable_compaction, 0 memtable_slowdown, interval 0 total count

** File Read Latency Histogram By Level [usertable] **
2019/03/23-01:55:23.994821 7f32a3fff700 (Original Log Time 2019/03/23-01:55:23.918519) [db/db_impl_compaction_flush.cc:1835] [usertable] Moving #918 to level-1 186495689 bytes
2019/03/23-01:55:23.994829 7f32a3fff700 (Original Log Time 2019/03/23-01:55:23.994668) EVENT_LOG_v1 {"time_micros": 1553331323994651, "job": 3, "event": "trivial_move", "destination_level": 1, "files": 1, "total_files_size": 186495689}
2019/03/23-01:55:23.994832 7f32a3fff700 (Original Log Time 2019/03/23-01:55:23.994685) [db/db_impl_compaction_flush.cc:1864] [usertable] Moved #1 files to level-1 186495689 bytes OK: base level 1 max bytes base 536870912 files[2 9 174 549 0 0 0] max score 1.27
2019/03/23-01:55:23.994996 7f32c8a71700 [db/compaction_job.cc:1531] [usertable] [JOB 4] Compacting 1@1 + 1@2 files to L2, score 1.27
2019/03/23-01:55:23.995013 7f32c8a71700 [db/compaction_job.cc:1535] [usertable] Compaction start summary: Base version 6 Base level 1, inputs: [918(177MB)], [915(8620KB)]
2019/03/23-01:55:23.995054 7f32c8a71700 EVENT_LOG_v1 {"time_micros": 1553331323995027, "job": 4, "event": "compaction_started", "compaction_reason": "LevelMaxLevelSize", "files_L1": [918], "files_L2": [915], "score": 1.27479, "input_data_size": 195322583}
2019/03/23-01:55:25.462481 7f32c8a71700 [db/compaction_job.cc:1211] [usertable] [JOB 4] Generated table #1383: 16279 keys, 67233509 bytes
2019/03/23-01:55:25.462543 7f32c8a71700 EVENT_LOG_v1 {"time_micros": 1553331325462513, "cf_name": "usertable", "job": 4, "event": "table_file_creation", "file_number": 1383, "file_size": 67233509, "table_properties": {"data_size": 67120138, "index_size": 300916, "filter_size": 0, "raw_key_size": 390696, "raw_average_key_size": 24, "raw_value_size": 66678784, "raw_average_value_size": 4096, "num_data_blocks": 8140, "num_entries": 16279, "filter_policy_name": "", "kDeletedKeys": "0", "kMergeOperands": "0"}}
2019/03/23-01:55:26.219996 7f32c8a71700 [db/compaction_job.cc:1211] [usertable] [JOB 4] Generated table #1384: 16279 keys, 67233364 bytes
2019/03/23-01:55:26.220298 7f32c8a71700 EVENT_LOG_v1 {"time_micros": 1553331326220022, "cf_name": "usertable", "job": 4, "event": "table_file_creation", "file_number": 1384, "file_size": 67233364, "table_properties": {"data_size": 67118331, "index_size": 299107, "filter_size": 0, "raw_key_size": 390696, "raw_average_key_size": 24, "raw_value_size": 66678784, "raw_average_value_size": 4096, "num_data_blocks": 8140, "num_entries": 16279, "filter_policy_name": "", "kDeletedKeys": "0", "kMergeOperands": "0"}}
2019/03/23-01:55:26.934332 7f32c8a71700 [db/compaction_job.cc:1211] [usertable] [JOB 4] Generated table #1385: 14611 keys, 60344675 bytes
2019/03/23-01:55:26.934378 7f32c8a71700 EVENT_LOG_v1 {"time_micros": 1553331326934357, "cf_name": "usertable", "job": 4, "event": "table_file_creation", "file_number": 1385, "file_size": 60344675, "table_properties": {"data_size": 60242790, "index_size": 270058, "filter_size": 0, "raw_key_size": 350664, "raw_average_key_size": 24, "raw_value_size": 59846656, "raw_average_value_size": 4096, "num_data_blocks": 7306, "num_entries": 14611, "filter_policy_name": "", "kDeletedKeys": "0", "kMergeOperands": "0"}}
2019/03/23-01:55:26.934442 7f32c8a71700 [db/compaction_job.cc:1287] [usertable] [JOB 4] Compacted 1@1 + 1@2 files to L2 => 194811548 bytes
2019/03/23-01:55:26.968904 7f32c8a71700 (Original Log Time 2019/03/23-01:55:26.968727) [db/compaction_job.cc:685] [usertable] compacted to: base level 1 max bytes base 536870912 files[2 8 176 549 0 0 0] max score 1.03, MB/sec: 66.5 rd, 66.3 wr, level 2, files in(1, 1) out(3) MB in(177.9, 8.4) out(185.8), read-write-amplify(2.1) write-amplify(1.0) OK, records in: 47169, records dropped: 0 output_compression: LZ4
2019/03/23-01:55:26.968914 7f32c8a71700 (Original Log Time 2019/03/23-01:55:26.968782) EVENT_LOG_v1 {"time_micros": 1553331326968763, "job": 4, "event": "compaction_finished", "compaction_time_micros": 2939346, "output_level": 2, "num_output_files": 3, "total_output_size": 194811548, "num_input_records": 47169, "num_output_records": 47169, "num_subcompactions": 1, "output_compression": "LZ4", "num_single_delete_mismatches": 0, "num_single_delete_fallthrough": 0, "lsm_state": [2, 8, 176, 549, 0, 0, 0]}
2019/03/23-01:55:27.000010 7f32c0ffe700 (Original Log Time 2019/03/23-01:55:26.969193) [db/db_impl_compaction_flush.cc:1835] [usertable] Moving #1383 to level-3 67233509 bytes
2019/03/23-01:55:27.000016 7f32c0ffe700 (Original Log Time 2019/03/23-01:55:26.999925) EVENT_LOG_v1 {"time_micros": 1553331326999914, "job": 5, "event": "trivial_move", "destination_level": 3, "files": 1, "total_files_size": 67233509}
2019/03/23-01:55:27.000018 7f32c0ffe700 (Original Log Time 2019/03/23-01:55:26.999940) [db/db_impl_compaction_flush.cc:1864] [usertable] Moved #1 files to level-3 67233509 bytes OK: base level 1 max bytes base 536870912 files[2 8 175 550 0 0 0] max score 1.02
2019/03/23-01:55:27.016935 7f32c0ffe700 EVENT_LOG_v1 {"time_micros": 1553331327016923, "job": 5, "event": "table_file_deletion", "file_number": 918}
2019/03/23-01:55:27.017715 7f32c0ffe700 EVENT_LOG_v1 {"time_micros": 1553331327017711, "job": 5, "event": "table_file_deletion", "file_number": 915}
2019/03/23-01:55:27.048786 7f32c0ffe700 (Original Log Time 2019/03/23-01:55:27.017869) [db/db_impl_compaction_flush.cc:1835] [usertable] Moving #1384 to level-3 67233364 bytes
2019/03/23-01:55:27.048791 7f32c0ffe700 (Original Log Time 2019/03/23-01:55:27.048681) EVENT_LOG_v1 {"time_micros": 1553331327048668, "job": 6, "event": "trivial_move", "destination_level": 3, "files": 1, "total_files_size": 67233364}
2019/03/23-01:55:27.048793 7f32c0ffe700 (Original Log Time 2019/03/23-01:55:27.048696) [db/db_impl_compaction_flush.cc:1864] [usertable] Moved #1 files to level-3 67233364 bytes OK: base level 1 max bytes base 536870912 files[2 8 174 551 0 0 0] max score 1.00
2019/03/23-01:55:27.154860 7f32c0ffe700 (Original Log Time 2019/03/23-01:55:27.049007) [db/db_impl_compaction_flush.cc:1835] [usertable] Moving #333 to level-3 67233324 bytes
2019/03/23-01:55:27.154865 7f32c0ffe700 (Original Log Time 2019/03/23-01:55:27.154790) EVENT_LOG_v1 {"time_micros": 1553331327154777, "job": 7, "event": "trivial_move", "destination_level": 3, "files": 1, "total_files_size": 67233324}
2019/03/23-01:55:27.154867 7f32c0ffe700 (Original Log Time 2019/03/23-01:55:27.154804) [db/db_impl_compaction_flush.cc:1864] [usertable] Moved #1 files to level-3 67233324 bytes OK: base level 1 max bytes base 536870912 files[2 8 173 552 0 0 0] max score 1.00
2019/03/23-01:55:27.187375 7f32baffd700 (Original Log Time 2019/03/23-01:55:27.155145) [db/db_impl_compaction_flush.cc:1835] [usertable] Moving #1377 to level-1 129902323 bytes
2019/03/23-01:55:27.187383 7f32baffd700 (Original Log Time 2019/03/23-01:55:27.187275) EVENT_LOG_v1 {"time_micros": 1553331327187263, "job": 8, "event": "trivial_move", "destination_level": 1, "files": 1, "total_files_size": 129902323}
2019/03/23-01:55:27.187387 7f32baffd700 (Original Log Time 2019/03/23-01:55:27.187291) [db/db_impl_compaction_flush.cc:1864] [usertable] Moved #1 files to level-1 129902323 bytes OK: base level 1 max bytes base 536870912 files[1 9 173 552 0 0 0] max score 1.17
2019/03/23-01:55:27.187653 7f32baffd700 [db/compaction_job.cc:1531] [usertable] [JOB 9] Compacting 1@1 + 1@2 files to L2, score 1.17
