2018/10/15-18:45:20.528398 7fa062fda700 RocksDB version: 5.14.3
2018/10/15-18:45:20.528472 7fa062fda700 Git sha rocksdb_build_git_sha:
2018/10/15-18:45:20.528485 7fa062fda700 Compile date Oct 15 2018
2018/10/15-18:45:20.528495 7fa062fda700 DB SUMMARY
2018/10/15-18:45:20.528518 7fa062fda700 SST files in /mnt/sdb1/ycsb-rocksdb-data dir, Total Num: 0, files: 
2018/10/15-18:45:20.528521 7fa062fda700 Write Ahead Log file in /mnt/sdb1/ycsb-rocksdb-data: 
2018/10/15-18:45:20.528524 7fa062fda700                         Options.error_if_exists: 0
2018/10/15-18:45:20.528525 7fa062fda700                       Options.create_if_missing: 1
2018/10/15-18:45:20.528526 7fa062fda700                         Options.paranoid_checks: 1
2018/10/15-18:45:20.528527 7fa062fda700                                     Options.env: 0x7fa0629b73e0
2018/10/15-18:45:20.528528 7fa062fda700                                Options.info_log: 0x7fa0203da190
2018/10/15-18:45:20.528528 7fa062fda700                Options.max_file_opening_threads: 16
2018/10/15-18:45:20.528529 7fa062fda700                              Options.statistics: (nil)
2018/10/15-18:45:20.528530 7fa062fda700                               Options.use_fsync: 0
2018/10/15-18:45:20.528531 7fa062fda700                       Options.max_log_file_size: 0
2018/10/15-18:45:20.528532 7fa062fda700                  Options.max_manifest_file_size: 18446744073709551615
2018/10/15-18:45:20.528533 7fa062fda700                   Options.log_file_time_to_roll: 0
2018/10/15-18:45:20.528534 7fa062fda700                       Options.keep_log_file_num: 1000
2018/10/15-18:45:20.528535 7fa062fda700                    Options.recycle_log_file_num: 0
2018/10/15-18:45:20.528536 7fa062fda700                         Options.allow_fallocate: 1
2018/10/15-18:45:20.528537 7fa062fda700                        Options.allow_mmap_reads: 0
2018/10/15-18:45:20.528537 7fa062fda700                       Options.allow_mmap_writes: 0
2018/10/15-18:45:20.528538 7fa062fda700                        Options.use_direct_reads: 0
2018/10/15-18:45:20.528539 7fa062fda700                        Options.use_direct_io_for_flush_and_compaction: 0
2018/10/15-18:45:20.528540 7fa062fda700          Options.create_missing_column_families: 1
2018/10/15-18:45:20.528541 7fa062fda700                              Options.db_log_dir: 
2018/10/15-18:45:20.528542 7fa062fda700                                 Options.wal_dir: /mnt/sdb1/ycsb-rocksdb-data
2018/10/15-18:45:20.528543 7fa062fda700                Options.table_cache_numshardbits: 6
2018/10/15-18:45:20.528544 7fa062fda700                      Options.max_subcompactions: 1
2018/10/15-18:45:20.528545 7fa062fda700                  Options.max_background_flushes: 12
2018/10/15-18:45:20.528545 7fa062fda700                         Options.WAL_ttl_seconds: 0
2018/10/15-18:45:20.528546 7fa062fda700                       Options.WAL_size_limit_MB: 0
2018/10/15-18:45:20.528547 7fa062fda700             Options.manifest_preallocation_size: 4194304
2018/10/15-18:45:20.528548 7fa062fda700                     Options.is_fd_close_on_exec: 1
2018/10/15-18:45:20.528549 7fa062fda700                   Options.advise_random_on_open: 1
2018/10/15-18:45:20.528550 7fa062fda700                    Options.db_write_buffer_size: 0
2018/10/15-18:45:20.528550 7fa062fda700                    Options.write_buffer_manager: 0x7fa0203d8470
2018/10/15-18:45:20.528551 7fa062fda700         Options.access_hint_on_compaction_start: 1
2018/10/15-18:45:20.528552 7fa062fda700  Options.new_table_reader_for_compaction_inputs: 0
2018/10/15-18:45:20.528553 7fa062fda700           Options.random_access_max_buffer_size: 1048576
2018/10/15-18:45:20.528554 7fa062fda700                      Options.use_adaptive_mutex: 0
2018/10/15-18:45:20.528554 7fa062fda700                            Options.rate_limiter: (nil)
2018/10/15-18:45:20.528557 7fa062fda700     Options.sst_file_manager.rate_bytes_per_sec: 0
2018/10/15-18:45:20.528557 7fa062fda700                       Options.wal_recovery_mode: 2
2018/10/15-18:45:20.528558 7fa062fda700                  Options.enable_thread_tracking: 0
2018/10/15-18:45:20.528559 7fa062fda700                  Options.enable_pipelined_write: 1
2018/10/15-18:45:20.528568 7fa062fda700         Options.allow_concurrent_memtable_write: 1
2018/10/15-18:45:20.528570 7fa062fda700      Options.enable_write_thread_adaptive_yield: 1
2018/10/15-18:45:20.528571 7fa062fda700             Options.write_thread_max_yield_usec: 100
2018/10/15-18:45:20.528572 7fa062fda700            Options.write_thread_slow_yield_usec: 3
2018/10/15-18:45:20.528572 7fa062fda700                               Options.row_cache: None
2018/10/15-18:45:20.528573 7fa062fda700                              Options.wal_filter: None
2018/10/15-18:45:20.528574 7fa062fda700             Options.avoid_flush_during_recovery: 0
2018/10/15-18:45:20.528575 7fa062fda700             Options.allow_ingest_behind: 0
2018/10/15-18:45:20.528576 7fa062fda700             Options.preserve_deletes: 0
2018/10/15-18:45:20.528577 7fa062fda700             Options.two_write_queues: 0
2018/10/15-18:45:20.528578 7fa062fda700             Options.manual_wal_flush: 0
2018/10/15-18:45:20.528580 7fa062fda700             Options.max_background_jobs: 24
2018/10/15-18:45:20.528581 7fa062fda700             Options.max_background_compactions: 12
2018/10/15-18:45:20.528582 7fa062fda700             Options.avoid_flush_during_shutdown: 0
2018/10/15-18:45:20.528582 7fa062fda700           Options.writable_file_max_buffer_size: 1048576
2018/10/15-18:45:20.528583 7fa062fda700             Options.delayed_write_rate : 16777216
2018/10/15-18:45:20.528584 7fa062fda700             Options.max_total_wal_size: 0
2018/10/15-18:45:20.528585 7fa062fda700             Options.delete_obsolete_files_period_micros: 21600000000
2018/10/15-18:45:20.528586 7fa062fda700                   Options.stats_dump_period_sec: 60
2018/10/15-18:45:20.528587 7fa062fda700                          Options.max_open_files: -1
2018/10/15-18:45:20.528588 7fa062fda700                          Options.bytes_per_sync: 8388608
2018/10/15-18:45:20.528589 7fa062fda700                      Options.wal_bytes_per_sync: 0
2018/10/15-18:45:20.528589 7fa062fda700       Options.compaction_readahead_size: 0
2018/10/15-18:45:20.528590 7fa062fda700 Compression algorithms supported:
2018/10/15-18:45:20.528592 7fa062fda700 	kZSTDNotFinalCompression supported: 1
2018/10/15-18:45:20.528600 7fa062fda700 	kZSTD supported: 1
2018/10/15-18:45:20.528601 7fa062fda700 	kXpressCompression supported: 0
2018/10/15-18:45:20.528602 7fa062fda700 	kLZ4HCCompression supported: 1
2018/10/15-18:45:20.528603 7fa062fda700 	kLZ4Compression supported: 1
2018/10/15-18:45:20.528604 7fa062fda700 	kBZip2Compression supported: 1
2018/10/15-18:45:20.528605 7fa062fda700 	kZlibCompression supported: 1
2018/10/15-18:45:20.528606 7fa062fda700 	kSnappyCompression supported: 1
2018/10/15-18:45:20.528610 7fa062fda700 Fast CRC32 supported: Supported on x86
2018/10/15-18:45:20.528696 7fa062fda700 [db/db_impl_open.cc:222] Creating manifest 1 
2018/10/15-18:45:20.630955 7fa062fda700 [db/version_set.cc:3085] Recovering from manifest file: MANIFEST-000001
2018/10/15-18:45:20.631042 7fa062fda700 [db/column_family.cc:475] --------------- Options for column family [default]:
2018/10/15-18:45:20.631046 7fa062fda700               Options.comparator: leveldb.BytewiseComparator
2018/10/15-18:45:20.631047 7fa062fda700           Options.merge_operator: None
2018/10/15-18:45:20.631048 7fa062fda700        Options.compaction_filter: None
2018/10/15-18:45:20.631049 7fa062fda700        Options.compaction_filter_factory: None
2018/10/15-18:45:20.631050 7fa062fda700         Options.memtable_factory: SkipListFactory
2018/10/15-18:45:20.631051 7fa062fda700            Options.table_factory: BlockBasedTable
2018/10/15-18:45:20.631081 7fa062fda700            table_factory options:   flush_block_policy_factory: FlushBlockBySizePolicyFactory (0x7fa02038abc0)
  cache_index_and_filter_blocks: 0
  cache_index_and_filter_blocks_with_high_priority: 0
  pin_l0_filter_and_index_blocks_in_cache: 0
  index_type: 0
  hash_index_allow_collision: 1
  checksum: 1
  no_block_cache: 0
  block_cache: 0x7fa02038f8f0
  block_cache_name: LRUCache
  block_cache_options:
    capacity : 8388608
    num_shard_bits : 4
    strict_capacity_limit : 0
    high_pri_pool_ratio: 0.000
  block_cache_compressed: (nil)
  persistent_cache: (nil)
  block_size: 8192
  block_size_deviation: 10
  block_restart_interval: 16
  index_block_restart_interval: 1
  metadata_block_size: 4096
  partition_filters: 0
  use_delta_encoding: 1
  filter_policy: nullptr
  whole_key_filtering: 1
  verify_compression: 0
  read_amp_bytes_per_bit: 0
  format_version: 2
  enable_index_compression: 1
  block_align: 0
2018/10/15-18:45:20.631095 7fa062fda700        Options.write_buffer_size: 1073741824
2018/10/15-18:45:20.631097 7fa062fda700  Options.max_write_buffer_number: 8
2018/10/15-18:45:20.631098 7fa062fda700        Options.compression[0]: NoCompression
2018/10/15-18:45:20.631099 7fa062fda700        Options.compression[1]: NoCompression
2018/10/15-18:45:20.631100 7fa062fda700        Options.compression[2]: Snappy
2018/10/15-18:45:20.631101 7fa062fda700        Options.compression[3]: Snappy
2018/10/15-18:45:20.631102 7fa062fda700        Options.compression[4]: Snappy
2018/10/15-18:45:20.631103 7fa062fda700        Options.compression[5]: Snappy
2018/10/15-18:45:20.631103 7fa062fda700        Options.compression[6]: Snappy
2018/10/15-18:45:20.631104 7fa062fda700                  Options.bottommost_compression: Disabled
2018/10/15-18:45:20.631105 7fa062fda700       Options.prefix_extractor: nullptr
2018/10/15-18:45:20.631106 7fa062fda700   Options.memtable_insert_with_hint_prefix_extractor: nullptr
2018/10/15-18:45:20.631107 7fa062fda700             Options.num_levels: 7
2018/10/15-18:45:20.631108 7fa062fda700        Options.min_write_buffer_number_to_merge: 1
2018/10/15-18:45:20.631109 7fa062fda700     Options.max_write_buffer_number_to_maintain: 0
2018/10/15-18:45:20.631110 7fa062fda700            Options.compression_opts.window_bits: -14
2018/10/15-18:45:20.631111 7fa062fda700                  Options.compression_opts.level: -1
2018/10/15-18:45:20.631112 7fa062fda700               Options.compression_opts.strategy: 0
2018/10/15-18:45:20.631112 7fa062fda700         Options.compression_opts.max_dict_bytes: 0
2018/10/15-18:45:20.631113 7fa062fda700         Options.compression_opts.zstd_max_train_bytes: 0
2018/10/15-18:45:20.631114 7fa062fda700      Options.level0_file_num_compaction_trigger: 2
2018/10/15-18:45:20.631115 7fa062fda700          Options.level0_slowdown_writes_trigger: 20
2018/10/15-18:45:20.631116 7fa062fda700              Options.level0_stop_writes_trigger: 36
2018/10/15-18:45:20.631117 7fa062fda700                   Options.target_file_size_base: 134217728
2018/10/15-18:45:20.631118 7fa062fda700             Options.target_file_size_multiplier: 1
2018/10/15-18:45:20.631118 7fa062fda700                Options.max_bytes_for_level_base: 2147483648
2018/10/15-18:45:20.631119 7fa062fda700 Options.level_compaction_dynamic_level_bytes: 0
2018/10/15-18:45:20.631120 7fa062fda700          Options.max_bytes_for_level_multiplier: 10.000000
2018/10/15-18:45:20.631123 7fa062fda700 Options.max_bytes_for_level_multiplier_addtl[0]: 1
2018/10/15-18:45:20.631124 7fa062fda700 Options.max_bytes_for_level_multiplier_addtl[1]: 1
2018/10/15-18:45:20.631125 7fa062fda700 Options.max_bytes_for_level_multiplier_addtl[2]: 1
2018/10/15-18:45:20.631126 7fa062fda700 Options.max_bytes_for_level_multiplier_addtl[3]: 1
2018/10/15-18:45:20.631127 7fa062fda700 Options.max_bytes_for_level_multiplier_addtl[4]: 1
2018/10/15-18:45:20.631128 7fa062fda700 Options.max_bytes_for_level_multiplier_addtl[5]: 1
2018/10/15-18:45:20.631129 7fa062fda700 Options.max_bytes_for_level_multiplier_addtl[6]: 1
2018/10/15-18:45:20.631129 7fa062fda700       Options.max_sequential_skip_in_iterations: 8
2018/10/15-18:45:20.631130 7fa062fda700                    Options.max_compaction_bytes: 3355443200
2018/10/15-18:45:20.631131 7fa062fda700                        Options.arena_block_size: 16777216
2018/10/15-18:45:20.631132 7fa062fda700   Options.soft_pending_compaction_bytes_limit: 68719476736
2018/10/15-18:45:20.631133 7fa062fda700   Options.hard_pending_compaction_bytes_limit: 274877906944
2018/10/15-18:45:20.631140 7fa062fda700       Options.rate_limit_delay_max_milliseconds: 100
2018/10/15-18:45:20.631141 7fa062fda700                Options.disable_auto_compactions: 0
2018/10/15-18:45:20.631143 7fa062fda700                        Options.compaction_style: kCompactionStyleLevel
2018/10/15-18:45:20.631145 7fa062fda700                          Options.compaction_pri: kByCompensatedSize
2018/10/15-18:45:20.631146 7fa062fda700 Options.compaction_options_universal.size_ratio: 1
2018/10/15-18:45:20.631146 7fa062fda700 Options.compaction_options_universal.min_merge_width: 2
2018/10/15-18:45:20.631147 7fa062fda700 Options.compaction_options_universal.max_merge_width: 4294967295
2018/10/15-18:45:20.631148 7fa062fda700 Options.compaction_options_universal.max_size_amplification_percent: 200
2018/10/15-18:45:20.631149 7fa062fda700 Options.compaction_options_universal.compression_size_percent: -1
2018/10/15-18:45:20.631151 7fa062fda700 Options.compaction_options_universal.stop_style: kCompactionStopStyleTotalSize
2018/10/15-18:45:20.631152 7fa062fda700 Options.compaction_options_fifo.max_table_files_size: 1073741824
2018/10/15-18:45:20.631153 7fa062fda700 Options.compaction_options_fifo.allow_compaction: 0
2018/10/15-18:45:20.631153 7fa062fda700 Options.compaction_options_fifo.ttl: 0
2018/10/15-18:45:20.631154 7fa062fda700                   Options.table_properties_collectors: 
2018/10/15-18:45:20.631155 7fa062fda700                   Options.inplace_update_support: 0
2018/10/15-18:45:20.631156 7fa062fda700                 Options.inplace_update_num_locks: 10000
2018/10/15-18:45:20.631157 7fa062fda700               Options.memtable_prefix_bloom_size_ratio: 0.000000
2018/10/15-18:45:20.631159 7fa062fda700   Options.memtable_huge_page_size: 0
2018/10/15-18:45:20.631159 7fa062fda700                           Options.bloom_locality: 0
2018/10/15-18:45:20.631160 7fa062fda700                    Options.max_successive_merges: 0
2018/10/15-18:45:20.631161 7fa062fda700                Options.optimize_filters_for_hits: 0
2018/10/15-18:45:20.631162 7fa062fda700                Options.paranoid_file_checks: 0
2018/10/15-18:45:20.631163 7fa062fda700                Options.force_consistency_checks: 0
2018/10/15-18:45:20.631164 7fa062fda700                Options.report_bg_io_stats: 0
2018/10/15-18:45:20.631165 7fa062fda700                               Options.ttl: 0
2018/10/15-18:45:20.631907 7fa062fda700 [db/version_set.cc:3361] Recovered from manifest file:/mnt/sdb1/ycsb-rocksdb-data/MANIFEST-000001 succeeded,manifest_file_number is 1, next_file_number is 3, last_sequence is 0, log_number is 0,prev_log_number is 0,max_column_family is 0,min_log_number_to_keep is 0
2018/10/15-18:45:20.631916 7fa062fda700 [db/version_set.cc:3369] Column family [default] (ID 0), log number is 0
2018/10/15-18:45:20.632130 7fa062fda700 [db/version_set.cc:2847] Creating manifest 4
2018/10/15-18:45:20.705267 7fa062fda700 [db/column_family.cc:475] --------------- Options for column family [usertable]:
2018/10/15-18:45:20.705271 7fa062fda700               Options.comparator: leveldb.BytewiseComparator
2018/10/15-18:45:20.705272 7fa062fda700           Options.merge_operator: None
2018/10/15-18:45:20.705273 7fa062fda700        Options.compaction_filter: None
2018/10/15-18:45:20.705274 7fa062fda700        Options.compaction_filter_factory: None
2018/10/15-18:45:20.705275 7fa062fda700         Options.memtable_factory: SkipListFactory
2018/10/15-18:45:20.705276 7fa062fda700            Options.table_factory: BlockBasedTable
2018/10/15-18:45:20.705303 7fa062fda700            table_factory options:   flush_block_policy_factory: FlushBlockBySizePolicyFactory (0x7fa02038aeb0)
  cache_index_and_filter_blocks: 0
  cache_index_and_filter_blocks_with_high_priority: 0
  pin_l0_filter_and_index_blocks_in_cache: 0
  index_type: 0
  hash_index_allow_collision: 1
  checksum: 1
  no_block_cache: 0
  block_cache: 0x7fa020392dc0
  block_cache_name: LRUCache
  block_cache_options:
    capacity : 8388608
    num_shard_bits : 4
    strict_capacity_limit : 0
    high_pri_pool_ratio: 0.000
  block_cache_compressed: (nil)
  persistent_cache: (nil)
  block_size: 8192
  block_size_deviation: 10
  block_restart_interval: 16
  index_block_restart_interval: 1
  metadata_block_size: 4096
  partition_filters: 0
  use_delta_encoding: 1
  filter_policy: nullptr
  whole_key_filtering: 1
  verify_compression: 0
  read_amp_bytes_per_bit: 0
  format_version: 2
  enable_index_compression: 1
  block_align: 0
2018/10/15-18:45:20.705305 7fa062fda700        Options.write_buffer_size: 1073741824
2018/10/15-18:45:20.705306 7fa062fda700  Options.max_write_buffer_number: 8
2018/10/15-18:45:20.705307 7fa062fda700        Options.compression[0]: NoCompression
2018/10/15-18:45:20.705308 7fa062fda700        Options.compression[1]: NoCompression
2018/10/15-18:45:20.705309 7fa062fda700        Options.compression[2]: Snappy
2018/10/15-18:45:20.705310 7fa062fda700        Options.compression[3]: Snappy
2018/10/15-18:45:20.705310 7fa062fda700        Options.compression[4]: Snappy
2018/10/15-18:45:20.705311 7fa062fda700        Options.compression[5]: Snappy
2018/10/15-18:45:20.705312 7fa062fda700        Options.compression[6]: Snappy
2018/10/15-18:45:20.705313 7fa062fda700                  Options.bottommost_compression: Disabled
2018/10/15-18:45:20.705314 7fa062fda700       Options.prefix_extractor: nullptr
2018/10/15-18:45:20.705315 7fa062fda700   Options.memtable_insert_with_hint_prefix_extractor: nullptr
2018/10/15-18:45:20.705316 7fa062fda700             Options.num_levels: 7
2018/10/15-18:45:20.705317 7fa062fda700        Options.min_write_buffer_number_to_merge: 1
2018/10/15-18:45:20.705317 7fa062fda700     Options.max_write_buffer_number_to_maintain: 0
2018/10/15-18:45:20.705318 7fa062fda700            Options.compression_opts.window_bits: -14
2018/10/15-18:45:20.705319 7fa062fda700                  Options.compression_opts.level: -1
2018/10/15-18:45:20.705320 7fa062fda700               Options.compression_opts.strategy: 0
2018/10/15-18:45:20.705321 7fa062fda700         Options.compression_opts.max_dict_bytes: 0
2018/10/15-18:45:20.705321 7fa062fda700         Options.compression_opts.zstd_max_train_bytes: 0
2018/10/15-18:45:20.705322 7fa062fda700      Options.level0_file_num_compaction_trigger: 2
2018/10/15-18:45:20.705323 7fa062fda700          Options.level0_slowdown_writes_trigger: 20
2018/10/15-18:45:20.705324 7fa062fda700              Options.level0_stop_writes_trigger: 36
2018/10/15-18:45:20.705325 7fa062fda700                   Options.target_file_size_base: 134217728
2018/10/15-18:45:20.705326 7fa062fda700             Options.target_file_size_multiplier: 1
2018/10/15-18:45:20.705326 7fa062fda700                Options.max_bytes_for_level_base: 2147483648
2018/10/15-18:45:20.705327 7fa062fda700 Options.level_compaction_dynamic_level_bytes: 0
2018/10/15-18:45:20.705328 7fa062fda700          Options.max_bytes_for_level_multiplier: 10.000000
2018/10/15-18:45:20.705331 7fa062fda700 Options.max_bytes_for_level_multiplier_addtl[0]: 1
2018/10/15-18:45:20.705341 7fa062fda700 Options.max_bytes_for_level_multiplier_addtl[1]: 1
2018/10/15-18:45:20.705343 7fa062fda700 Options.max_bytes_for_level_multiplier_addtl[2]: 1
2018/10/15-18:45:20.705343 7fa062fda700 Options.max_bytes_for_level_multiplier_addtl[3]: 1
2018/10/15-18:45:20.705344 7fa062fda700 Options.max_bytes_for_level_multiplier_addtl[4]: 1
2018/10/15-18:45:20.705345 7fa062fda700 Options.max_bytes_for_level_multiplier_addtl[5]: 1
2018/10/15-18:45:20.705346 7fa062fda700 Options.max_bytes_for_level_multiplier_addtl[6]: 1
2018/10/15-18:45:20.705347 7fa062fda700       Options.max_sequential_skip_in_iterations: 8
2018/10/15-18:45:20.705347 7fa062fda700                    Options.max_compaction_bytes: 3355443200
2018/10/15-18:45:20.705348 7fa062fda700                        Options.arena_block_size: 16777216
2018/10/15-18:45:20.705349 7fa062fda700   Options.soft_pending_compaction_bytes_limit: 68719476736
2018/10/15-18:45:20.705350 7fa062fda700   Options.hard_pending_compaction_bytes_limit: 274877906944
2018/10/15-18:45:20.705351 7fa062fda700       Options.rate_limit_delay_max_milliseconds: 100
2018/10/15-18:45:20.705352 7fa062fda700                Options.disable_auto_compactions: 0
2018/10/15-18:45:20.705353 7fa062fda700                        Options.compaction_style: kCompactionStyleLevel
2018/10/15-18:45:20.705355 7fa062fda700                          Options.compaction_pri: kByCompensatedSize
2018/10/15-18:45:20.705356 7fa062fda700 Options.compaction_options_universal.size_ratio: 1
2018/10/15-18:45:20.705356 7fa062fda700 Options.compaction_options_universal.min_merge_width: 2
2018/10/15-18:45:20.705357 7fa062fda700 Options.compaction_options_universal.max_merge_width: 4294967295
2018/10/15-18:45:20.705358 7fa062fda700 Options.compaction_options_universal.max_size_amplification_percent: 200
2018/10/15-18:45:20.705359 7fa062fda700 Options.compaction_options_universal.compression_size_percent: -1
2018/10/15-18:45:20.705360 7fa062fda700 Options.compaction_options_universal.stop_style: kCompactionStopStyleTotalSize
2018/10/15-18:45:20.705361 7fa062fda700 Options.compaction_options_fifo.max_table_files_size: 1073741824
2018/10/15-18:45:20.705362 7fa062fda700 Options.compaction_options_fifo.allow_compaction: 0
2018/10/15-18:45:20.705363 7fa062fda700 Options.compaction_options_fifo.ttl: 0
2018/10/15-18:45:20.705364 7fa062fda700                   Options.table_properties_collectors: 
2018/10/15-18:45:20.705364 7fa062fda700                   Options.inplace_update_support: 0
2018/10/15-18:45:20.705365 7fa062fda700                 Options.inplace_update_num_locks: 10000
2018/10/15-18:45:20.705366 7fa062fda700               Options.memtable_prefix_bloom_size_ratio: 0.000000
2018/10/15-18:45:20.705367 7fa062fda700   Options.memtable_huge_page_size: 0
2018/10/15-18:45:20.705368 7fa062fda700                           Options.bloom_locality: 0
2018/10/15-18:45:20.705369 7fa062fda700                    Options.max_successive_merges: 0
2018/10/15-18:45:20.705370 7fa062fda700                Options.optimize_filters_for_hits: 0
2018/10/15-18:45:20.705371 7fa062fda700                Options.paranoid_file_checks: 0
2018/10/15-18:45:20.705371 7fa062fda700                Options.force_consistency_checks: 0
2018/10/15-18:45:20.705372 7fa062fda700                Options.report_bg_io_stats: 0
2018/10/15-18:45:20.705373 7fa062fda700                               Options.ttl: 0
2018/10/15-18:45:20.705426 7fa062fda700 [db/db_impl.cc:1396] Created column family [usertable] (ID 1)
2018/10/15-18:45:20.782509 7fa062fda700 [db/db_impl_open.cc:1219] DB pointer 0x7fa0203da800
2018/10/15-18:45:24.287494 7fa062fda700 [db/db_impl_write.cc:1373] [usertable] New memtable created with log file: #9. Immutable memtables: 0.
2018/10/15-18:45:24.287704 7f9fc9ffb700 [db/db_impl_compaction_flush.cc:80] [JOB 2] Syncing log #3
2018/10/15-18:45:27.330160 7fa062fda700 [db/db_impl_write.cc:1373] [usertable] New memtable created with log file: #11. Immutable memtables: 1.
2018/10/15-18:45:30.353309 7fa062ed9700 [db/db_impl_write.cc:1373] [usertable] New memtable created with log file: #13. Immutable memtables: 2.
2018/10/15-18:45:33.623379 7fa062fda700 [db/db_impl_write.cc:1373] [usertable] New memtable created with log file: #15. Immutable memtables: 3.
2018/10/15-18:45:36.978358 7fa062ed9700 [db/db_impl_write.cc:1373] [usertable] New memtable created with log file: #17. Immutable memtables: 4.
2018/10/15-18:45:39.709333 7fa062fda700 [db/db_impl_write.cc:1373] [usertable] New memtable created with log file: #19. Immutable memtables: 5.
2018/10/15-18:45:42.835231 7fa062fda700 [db/db_impl_write.cc:1373] [usertable] New memtable created with log file: #21. Immutable memtables: 6.
2018/10/15-18:45:42.835294 7fa062fda700 [WARN] [db/column_family.cc:779] [usertable] Stalling writes because we have 7 immutable memtables (waiting for flush), max_write_buffer_number is set to 8 rate 16777216
2018/10/15-18:46:01.830612 7f9fc9ffb700 (Original Log Time 2018/10/15-18:45:24.287647) [db/db_impl_compaction_flush.cc:1424] Calling FlushMemTableToOutputFile with column family [usertable], flush slots available 12, compaction slots available 1, flush slots scheduled 1, compaction slots scheduled 0
2018/10/15-18:46:01.830627 7f9feb7fe700 [db/db_impl_compaction_flush.cc:80] [JOB 3] Syncing log #9
2018/10/15-18:46:01.830650 7f9fc9ffb700 [db/flush_job.cc:301] [usertable] [JOB 2] Flushing memtable with next log file: 9
2018/10/15-18:46:01.830859 7f9fc9ffb700 EVENT_LOG_v1 {"time_micros": 1539654361830836, "job": 2, "event": "flush_started", "num_memtables": 1, "num_entries": 129543, "num_deletes": 0, "memory_usage": 1069822168, "flush_reason": "Write Buffer Full"}
2018/10/15-18:46:01.830870 7f9fc9ffb700 [db/flush_job.cc:331] [usertable] [JOB 2] Level-0 flush table #10: started
2018/10/15-18:46:59.262613 7fa062fda700 [db/db_impl_write.cc:1373] [usertable] New memtable created with log file: #23. Immutable memtables: 7.
2018/10/15-18:46:59.262696 7fa062fda700 [WARN] [db/column_family.cc:743] [usertable] Stopping writes because we have 8 immutable memtables (waiting for flush), max_write_buffer_number is set to 8
2018/10/15-18:47:02.554769 7f9feb7fe700 (Original Log Time 2018/10/15-18:45:27.330305) [db/db_impl_compaction_flush.cc:1424] Calling FlushMemTableToOutputFile with column family [usertable], flush slots available 12, compaction slots available 1, flush slots scheduled 2, compaction slots scheduled 0
2018/10/15-18:47:02.554784 7f9feb7fe700 [db/flush_job.cc:301] [usertable] [JOB 3] Flushing memtable with next log file: 11
2018/10/15-18:47:02.554801 7f9feaffd700 [db/db_impl_compaction_flush.cc:80] [JOB 4] Syncing log #11
2018/10/15-18:47:02.554828 7f9feb7fe700 EVENT_LOG_v1 {"time_micros": 1539654422554815, "job": 3, "event": "flush_started", "num_memtables": 1, "num_entries": 129542, "num_deletes": 0, "memory_usage": 1069822200, "flush_reason": "Write Buffer Full"}
2018/10/15-18:47:02.554833 7f9feb7fe700 [db/flush_job.cc:331] [usertable] [JOB 3] Level-0 flush table #12: started
2018/10/15-18:48:33.387055 7f9feaffd700 (Original Log Time 2018/10/15-18:45:30.353432) [db/db_impl_compaction_flush.cc:1424] Calling FlushMemTableToOutputFile with column family [usertable], flush slots available 12, compaction slots available 1, flush slots scheduled 3, compaction slots scheduled 0
2018/10/15-18:48:33.387056 7f9fea7fc700 [db/db_impl_compaction_flush.cc:80] [JOB 5] Syncing log #13
2018/10/15-18:48:33.387086 7f9feaffd700 [db/flush_job.cc:301] [usertable] [JOB 4] Flushing memtable with next log file: 13
2018/10/15-18:48:33.387151 7f9feaffd700 EVENT_LOG_v1 {"time_micros": 1539654513387139, "job": 4, "event": "flush_started", "num_memtables": 1, "num_entries": 129542, "num_deletes": 0, "memory_usage": 1069822080, "flush_reason": "Write Buffer Full"}
2018/10/15-18:48:33.387158 7f9feaffd700 [db/flush_job.cc:331] [usertable] [JOB 4] Level-0 flush table #14: started
2018/10/15-18:48:35.324377 7f9fc9ffb700 EVENT_LOG_v1 {"time_micros": 1539654515324347, "cf_name": "usertable", "job": 2, "event": "table_file_creation", "file_number": 10, "file_size": 1071403825, "table_properties": {"data_size": 1066527519, "index_size": 4875374, "filter_size": 0, "raw_key_size": 3109032, "raw_average_key_size": 24, "raw_value_size": 1061216256, "raw_average_value_size": 8192, "num_data_blocks": 129543, "num_entries": 129543, "filter_policy_name": "", "kDeletedKeys": "0", "kMergeOperands": "0"}}
2018/10/15-18:48:35.324423 7f9fc9ffb700 [db/flush_job.cc:371] [usertable] [JOB 2] Level-0 flush table #10: 1071403825 bytes OK
2018/10/15-18:48:59.040846 7f9fc9ffb700 [WARN] [db/column_family.cc:779] [usertable] Stalling writes because we have 7 immutable memtables (waiting for flush), max_write_buffer_number is set to 8 rate 16777216
2018/10/15-18:48:59.040927 7f9fc9ffb700 (Original Log Time 2018/10/15-18:48:41.916985) [db/memtable_list.cc:377] [usertable] Level-0 commit table #10 started
2018/10/15-18:48:59.040930 7f9fc9ffb700 (Original Log Time 2018/10/15-18:48:59.040765) [db/memtable_list.cc:409] [usertable] Level-0 commit table #10: memtable #1 done
2018/10/15-18:48:59.040932 7f9fc9ffb700 (Original Log Time 2018/10/15-18:48:59.040826) EVENT_LOG_v1 {"time_micros": 1539654539040809, "job": 2, "event": "flush_finished", "output_compression": "NoCompression", "lsm_state": [1, 0, 0, 0, 0, 0, 0], "immutable_memtables": 7}
2018/10/15-18:48:59.040934 7f9fc9ffb700 (Original Log Time 2018/10/15-18:48:59.040888) [db/db_impl_compaction_flush.cc:177] [usertable] Level summary: base level 1 max bytes base 2147483648 files[1 0 0 0 0 0 0] max score 0.50
2018/10/15-18:48:59.040949 7f9fc9ffb700 [db/db_impl_files.cc:347] [JOB 2] Try to delete WAL files size 1065486963, prev total WAL file size 8523129757, number of live WAL files 9.
2018/10/15-18:49:49.937260 7f9fe9ffb700 [db/db_impl_compaction_flush.cc:80] [JOB 6] Syncing log #15
2018/10/15-18:49:49.937260 7f9fea7fc700 (Original Log Time 2018/10/15-18:45:33.623502) [db/db_impl_compaction_flush.cc:1424] Calling FlushMemTableToOutputFile with column family [usertable], flush slots available 12, compaction slots available 1, flush slots scheduled 4, compaction slots scheduled 0
2018/10/15-18:49:49.937429 7f9fea7fc700 [db/flush_job.cc:301] [usertable] [JOB 5] Flushing memtable with next log file: 15
2018/10/15-18:49:49.937477 7f9fea7fc700 EVENT_LOG_v1 {"time_micros": 1539654589937464, "job": 5, "event": "flush_started", "num_memtables": 1, "num_entries": 129542, "num_deletes": 0, "memory_usage": 1069822064, "flush_reason": "Write Buffer Full"}
2018/10/15-18:49:49.937483 7f9fea7fc700 [db/flush_job.cc:331] [usertable] [JOB 5] Level-0 flush table #16: started
2018/10/15-18:50:03.411029 7fa062ed9700 [db/db_impl_write.cc:1373] [usertable] New memtable created with log file: #25. Immutable memtables: 7.
2018/10/15-18:50:03.411077 7fa062ed9700 [WARN] [db/column_family.cc:743] [usertable] Stopping writes because we have 8 immutable memtables (waiting for flush), max_write_buffer_number is set to 8
2018/10/15-18:50:39.002743 7f9fe9ffb700 (Original Log Time 2018/10/15-18:45:36.978462) [db/db_impl_compaction_flush.cc:1424] Calling FlushMemTableToOutputFile with column family [usertable], flush slots available 12, compaction slots available 1, flush slots scheduled 5, compaction slots scheduled 0
2018/10/15-18:50:39.002773 7f9fe9ffb700 [db/flush_job.cc:301] [usertable] [JOB 6] Flushing memtable with next log file: 17
2018/10/15-18:50:39.002771 7f9fe97fa700 [db/db_impl_compaction_flush.cc:80] [JOB 7] Syncing log #17
2018/10/15-18:50:39.002819 7f9fe9ffb700 EVENT_LOG_v1 {"time_micros": 1539654639002806, "job": 6, "event": "flush_started", "num_memtables": 1, "num_entries": 129541, "num_deletes": 0, "memory_usage": 1069813904, "flush_reason": "Write Buffer Full"}
2018/10/15-18:50:39.002825 7f9fe9ffb700 [db/flush_job.cc:331] [usertable] [JOB 6] Level-0 flush table #18: started
2018/10/15-18:50:46.707031 7f9feb7fe700 EVENT_LOG_v1 {"time_micros": 1539654646706994, "cf_name": "usertable", "job": 3, "event": "table_file_creation", "file_number": 12, "file_size": 1071395552, "table_properties": {"data_size": 1066519286, "index_size": 4875334, "filter_size": 0, "raw_key_size": 3109008, "raw_average_key_size": 24, "raw_value_size": 1061208064, "raw_average_value_size": 8192, "num_data_blocks": 129542, "num_entries": 129542, "filter_policy_name": "", "kDeletedKeys": "0", "kMergeOperands": "0"}}
2018/10/15-18:50:46.707063 7f9feb7fe700 [db/flush_job.cc:371] [usertable] [JOB 3] Level-0 flush table #12: 1071395552 bytes OK
2018/10/15-18:51:01.038831 7f9feb7fe700 [WARN] [db/column_family.cc:779] [usertable] Stalling writes because we have 7 immutable memtables (waiting for flush), max_write_buffer_number is set to 8 rate 16777216
2018/10/15-18:51:01.038915 7f9feb7fe700 (Original Log Time 2018/10/15-18:50:46.707086) [db/memtable_list.cc:377] [usertable] Level-0 commit table #12 started
2018/10/15-18:51:01.038918 7f9feb7fe700 (Original Log Time 2018/10/15-18:51:01.038776) [db/memtable_list.cc:409] [usertable] Level-0 commit table #12: memtable #1 done
2018/10/15-18:51:01.038920 7f9feb7fe700 (Original Log Time 2018/10/15-18:51:01.038815) EVENT_LOG_v1 {"time_micros": 1539654661038801, "job": 3, "event": "flush_finished", "output_compression": "NoCompression", "lsm_state": [2, 0, 0, 0, 0, 0, 0], "immutable_memtables": 7}
2018/10/15-18:51:01.038924 7f9feb7fe700 (Original Log Time 2018/10/15-18:51:01.038883) [db/db_impl_compaction_flush.cc:177] [usertable] Level summary: base level 1 max bytes base 2147483648 files[2 0 0 0 0 0 0] max score 1.00
2018/10/15-18:51:01.038942 7f9feb7fe700 [db/db_impl_files.cc:347] [JOB 3] Try to delete WAL files size 1065482362, prev total WAL file size 8522432456, number of live WAL files 9.
2018/10/15-18:51:01.039204 7f9febfff700 [WARN] [db/db_impl.cc:491] ------- DUMPING STATS -------
2018/10/15-18:51:01.039245 7f9febfff700 [WARN] [db/db_impl.cc:492] 
** DB Stats **
Uptime(secs): 340.4 total, 340.4 interval
Cumulative writes: 1165K writes, 1165K keys, 1046K commit groups, 1.1 writes per commit group, ingest: 8.93 GB, 26.86 MB/s
Cumulative WAL: 1165K writes, 0 syncs, 1165879.00 writes per sync, written: 8.93 GB, 26.86 MB/s
Cumulative stall: 00:03:51.487 H:M:S, 68.0 percent
Interval writes: 1165K writes, 1165K keys, 1046K commit groups, 1.1 writes per commit group, ingest: 9143.75 MB, 26.86 MB/s
Interval WAL: 1165K writes, 0 syncs, 1165879.00 writes per sync, written: 8.93 MB, 26.86 MB/s
Interval stall: 00:03:51.487 H:M:S, 68.0 percent

** Compaction Stats [default] **
Level    Files   Size     Score Read(GB)  Rn(GB) Rnp1(GB) Write(GB) Wnew(GB) Moved(GB) W-Amp Rd(MB/s) Wr(MB/s) Comp(sec) Comp(cnt) Avg(sec) KeyIn KeyDrop
----------------------------------------------------------------------------------------------------------------------------------------------------------
 Sum      0/0    0.00 KB   0.0      0.0     0.0      0.0       0.0      0.0       0.0   0.0      0.0      0.0         0         0    0.000       0      0
 Int      0/0    0.00 KB   0.0      0.0     0.0      0.0       0.0      0.0       0.0   0.0      0.0      0.0         0         0    0.000       0      0
Uptime(secs): 340.4 total, 340.4 interval
Flush(GB): cumulative 0.000, interval 0.000
AddFile(GB): cumulative 0.000, interval 0.000
AddFile(Total Files): cumulative 0, interval 0
AddFile(L0 Files): cumulative 0, interval 0
AddFile(Keys): cumulative 0, interval 0
Cumulative compaction: 0.00 GB write, 0.00 MB/s write, 0.00 GB read, 0.00 MB/s read, 0.0 seconds
Interval compaction: 0.00 GB write, 0.00 MB/s write, 0.00 GB read, 0.00 MB/s read, 0.0 seconds
Stalls(count): 0 level0_slowdown, 0 level0_slowdown_with_compaction, 0 level0_numfiles, 0 level0_numfiles_with_compaction, 0 stop for pending_compaction_bytes, 0 slowdown for pending_compaction_bytes, 0 memtable_compaction, 0 memtable_slowdown, interval 0 total count

** File Read Latency Histogram By Level [default] **

** Compaction Stats [usertable] **
Level    Files   Size     Score Read(GB)  Rn(GB) Rnp1(GB) Write(GB) Wnew(GB) Moved(GB) W-Amp Rd(MB/s) Wr(MB/s) Comp(sec) Comp(cnt) Avg(sec) KeyIn KeyDrop
----------------------------------------------------------------------------------------------------------------------------------------------------------
  L0      2/0    2.00 GB   1.0      0.0     0.0      0.0       2.0      2.0       0.0   1.0      0.0      5.3       384         2  192.119       0      0
 Sum      2/0    2.00 GB   0.0      0.0     0.0      0.0       2.0      2.0       0.0   1.0      0.0      5.3       384         2  192.119       0      0
 Int      0/0    0.00 KB   0.0      0.0     0.0      0.0       2.0      2.0       0.0   1.0      0.0      5.3       384         2  192.119       0      0
Uptime(secs): 340.3 total, 340.3 interval
Flush(GB): cumulative 1.996, interval 1.996
AddFile(GB): cumulative 0.000, interval 0.000
AddFile(Total Files): cumulative 0, interval 0
AddFile(L0 Files): cumulative 0, interval 0
AddFile(Keys): cumulative 0, interval 0
Cumulative compaction: 2.00 GB write, 6.00 MB/s write, 0.00 GB read, 0.00 MB/s read, 384.2 seconds
Interval compaction: 2.00 GB write, 6.00 MB/s write, 0.00 GB read, 0.00 MB/s read, 384.2 seconds
Stalls(count): 0 level0_slowdown, 0 level0_slowdown_with_compaction, 0 level0_numfiles, 0 level0_numfiles_with_compaction, 0 stop for pending_compaction_bytes, 0 slowdown for pending_compaction_bytes, 2 memtable_compaction, 3 memtable_slowdown, interval 5 total count

** File Read Latency Histogram By Level [usertable] **

** Compaction Stats [default] **
Level    Files   Size     Score Read(GB)  Rn(GB) Rnp1(GB) Write(GB) Wnew(GB) Moved(GB) W-Amp Rd(MB/s) Wr(MB/s) Comp(sec) Comp(cnt) Avg(sec) KeyIn KeyDrop
----------------------------------------------------------------------------------------------------------------------------------------------------------
 Sum      0/0    0.00 KB   0.0      0.0     0.0      0.0       0.0      0.0       0.0   0.0      0.0      0.0         0         0    0.000       0      0
 Int      0/0    0.00 KB   0.0      0.0     0.0      0.0       0.0      0.0       0.0   0.0      0.0      0.0         0         0    0.000       0      0
Uptime(secs): 340.4 total, 0.0 interval
Flush(GB): cumulative 0.000, interval 0.000
AddFile(GB): cumulative 0.000, interval 0.000
AddFile(Total Files): cumulative 0, interval 0
AddFile(L0 Files): cumulative 0, interval 0
AddFile(Keys): cumulative 0, interval 0
Cumulative compaction: 0.00 GB write, 0.00 MB/s write, 0.00 GB read, 0.00 MB/s read, 0.0 seconds
Interval compaction: 0.00 GB write, 0.00 MB/s write, 0.00 GB read, 0.00 MB/s read, 0.0 seconds
Stalls(count): 0 level0_slowdown, 0 level0_slowdown_with_compaction, 0 level0_numfiles, 0 level0_numfiles_with_compaction, 0 stop for pending_compaction_bytes, 0 slowdown for pending_compaction_bytes, 0 memtable_compaction, 0 memtable_slowdown, interval 0 total count

** File Read Latency Histogram By Level [default] **

** Compaction Stats [usertable] **
Level    Files   Size     Score Read(GB)  Rn(GB) Rnp1(GB) Write(GB) Wnew(GB) Moved(GB) W-Amp Rd(MB/s) Wr(MB/s) Comp(sec) Comp(cnt) Avg(sec) KeyIn KeyDrop
----------------------------------------------------------------------------------------------------------------------------------------------------------
  L0      2/0    2.00 GB   1.0      0.0     0.0      0.0       2.0      2.0       0.0   1.0      0.0      5.3       384         2  192.119       0      0
 Sum      2/0    2.00 GB   0.0      0.0     0.0      0.0       2.0      2.0       0.0   1.0      0.0      5.3       384         2  192.119       0      0
 Int      0/0    0.00 KB   0.0      0.0     0.0      0.0       0.0      0.0       0.0   0.0      0.0      0.0         0         0    0.000       0      0
Uptime(secs): 340.3 total, 0.0 interval
Flush(GB): cumulative 1.996, interval 0.000
AddFile(GB): cumulative 0.000, interval 0.000
AddFile(Total Files): cumulative 0, interval 0
AddFile(L0 Files): cumulative 0, interval 0
AddFile(Keys): cumulative 0, interval 0
Cumulative compaction: 2.00 GB write, 6.00 MB/s write, 0.00 GB read, 0.00 MB/s read, 384.2 seconds
Interval compaction: 0.00 GB write, 0.00 MB/s write, 0.00 GB read, 0.00 MB/s read, 0.0 seconds
