2018/10/16-00:53:19.272834 7ff8e530a700 RocksDB version: 5.14.3
2018/10/16-00:53:19.272898 7ff8e530a700 Git sha rocksdb_build_git_sha:
2018/10/16-00:53:19.272901 7ff8e530a700 Compile date Oct 15 2018
2018/10/16-00:53:19.272905 7ff8e530a700 DB SUMMARY
2018/10/16-00:53:19.273249 7ff8e530a700 CURRENT file:  CURRENT
2018/10/16-00:53:19.273251 7ff8e530a700 IDENTITY file:  IDENTITY
2018/10/16-00:53:19.273261 7ff8e530a700 MANIFEST file:  MANIFEST-001068 size: 190020 Bytes
2018/10/16-00:53:19.273264 7ff8e530a700 SST files in /mnt/sdb1/ycsb-rocksdb-data dir, Total Num: 717, files: 000035.sst 000044.sst 000045.sst 000046.sst 000051.sst 000052.sst 000063.sst 000070.sst 000073.sst 
2018/10/16-00:53:19.273266 7ff8e530a700 Write Ahead Log file in /mnt/sdb1/ycsb-rocksdb-data: 003215.log size: 993944073 ; 
2018/10/16-00:53:19.273270 7ff8e530a700                         Options.error_if_exists: 0
2018/10/16-00:53:19.273271 7ff8e530a700                       Options.create_if_missing: 1
2018/10/16-00:53:19.273272 7ff8e530a700                         Options.paranoid_checks: 1
2018/10/16-00:53:19.273273 7ff8e530a700                                     Options.env: 0x7ff8949db3e0
2018/10/16-00:53:19.273274 7ff8e530a700                                Options.info_log: 0x7ff8903cbbb0
2018/10/16-00:53:19.273275 7ff8e530a700                Options.max_file_opening_threads: 16
2018/10/16-00:53:19.273276 7ff8e530a700                              Options.statistics: (nil)
2018/10/16-00:53:19.273277 7ff8e530a700                               Options.use_fsync: 0
2018/10/16-00:53:19.273278 7ff8e530a700                       Options.max_log_file_size: 0
2018/10/16-00:53:19.273279 7ff8e530a700                  Options.max_manifest_file_size: 18446744073709551615
2018/10/16-00:53:19.273280 7ff8e530a700                   Options.log_file_time_to_roll: 0
2018/10/16-00:53:19.273281 7ff8e530a700                       Options.keep_log_file_num: 1000
2018/10/16-00:53:19.273282 7ff8e530a700                    Options.recycle_log_file_num: 0
2018/10/16-00:53:19.273283 7ff8e530a700                         Options.allow_fallocate: 1
2018/10/16-00:53:19.273284 7ff8e530a700                        Options.allow_mmap_reads: 0
2018/10/16-00:53:19.273285 7ff8e530a700                       Options.allow_mmap_writes: 0
2018/10/16-00:53:19.273285 7ff8e530a700                        Options.use_direct_reads: 0
2018/10/16-00:53:19.273286 7ff8e530a700                        Options.use_direct_io_for_flush_and_compaction: 0
2018/10/16-00:53:19.273287 7ff8e530a700          Options.create_missing_column_families: 1
2018/10/16-00:53:19.273288 7ff8e530a700                              Options.db_log_dir: 
2018/10/16-00:53:19.273289 7ff8e530a700                                 Options.wal_dir: /mnt/sdb1/ycsb-rocksdb-data
2018/10/16-00:53:19.273290 7ff8e530a700                Options.table_cache_numshardbits: 6
2018/10/16-00:53:19.273291 7ff8e530a700                      Options.max_subcompactions: 1
2018/10/16-00:53:19.273292 7ff8e530a700                  Options.max_background_flushes: 12
2018/10/16-00:53:19.273292 7ff8e530a700                         Options.WAL_ttl_seconds: 0
2018/10/16-00:53:19.273293 7ff8e530a700                       Options.WAL_size_limit_MB: 0
2018/10/16-00:53:19.273294 7ff8e530a700             Options.manifest_preallocation_size: 4194304
2018/10/16-00:53:19.273295 7ff8e530a700                     Options.is_fd_close_on_exec: 1
2018/10/16-00:53:19.273296 7ff8e530a700                   Options.advise_random_on_open: 1
2018/10/16-00:53:19.273297 7ff8e530a700                    Options.db_write_buffer_size: 0
2018/10/16-00:53:19.273297 7ff8e530a700                    Options.write_buffer_manager: 0x7ff8903c6520
2018/10/16-00:53:19.273298 7ff8e530a700         Options.access_hint_on_compaction_start: 1
2018/10/16-00:53:19.273299 7ff8e530a700  Options.new_table_reader_for_compaction_inputs: 0
2018/10/16-00:53:19.273300 7ff8e530a700           Options.random_access_max_buffer_size: 1048576
2018/10/16-00:53:19.273301 7ff8e530a700                      Options.use_adaptive_mutex: 0
2018/10/16-00:53:19.273301 7ff8e530a700                            Options.rate_limiter: (nil)
2018/10/16-00:53:19.273313 7ff8e530a700     Options.sst_file_manager.rate_bytes_per_sec: 0
2018/10/16-00:53:19.273314 7ff8e530a700                       Options.wal_recovery_mode: 2
2018/10/16-00:53:19.273315 7ff8e530a700                  Options.enable_thread_tracking: 0
2018/10/16-00:53:19.273316 7ff8e530a700                  Options.enable_pipelined_write: 1
2018/10/16-00:53:19.273317 7ff8e530a700         Options.allow_concurrent_memtable_write: 1
2018/10/16-00:53:19.273318 7ff8e530a700      Options.enable_write_thread_adaptive_yield: 1
2018/10/16-00:53:19.273318 7ff8e530a700             Options.write_thread_max_yield_usec: 100
2018/10/16-00:53:19.273319 7ff8e530a700            Options.write_thread_slow_yield_usec: 3
2018/10/16-00:53:19.273320 7ff8e530a700                               Options.row_cache: None
2018/10/16-00:53:19.273321 7ff8e530a700                              Options.wal_filter: None
2018/10/16-00:53:19.273322 7ff8e530a700             Options.avoid_flush_during_recovery: 0
2018/10/16-00:53:19.273323 7ff8e530a700             Options.allow_ingest_behind: 0
2018/10/16-00:53:19.273324 7ff8e530a700             Options.preserve_deletes: 0
2018/10/16-00:53:19.273324 7ff8e530a700             Options.two_write_queues: 0
2018/10/16-00:53:19.273325 7ff8e530a700             Options.manual_wal_flush: 0
2018/10/16-00:53:19.273327 7ff8e530a700             Options.max_background_jobs: 24
2018/10/16-00:53:19.273328 7ff8e530a700             Options.max_background_compactions: 12
2018/10/16-00:53:19.273329 7ff8e530a700             Options.avoid_flush_during_shutdown: 0
2018/10/16-00:53:19.273329 7ff8e530a700           Options.writable_file_max_buffer_size: 1048576
2018/10/16-00:53:19.273330 7ff8e530a700             Options.delayed_write_rate : 16777216
2018/10/16-00:53:19.273331 7ff8e530a700             Options.max_total_wal_size: 0
2018/10/16-00:53:19.273332 7ff8e530a700             Options.delete_obsolete_files_period_micros: 21600000000
2018/10/16-00:53:19.273333 7ff8e530a700                   Options.stats_dump_period_sec: 60
2018/10/16-00:53:19.273334 7ff8e530a700                          Options.max_open_files: -1
2018/10/16-00:53:19.273335 7ff8e530a700                          Options.bytes_per_sync: 8388608
2018/10/16-00:53:19.273336 7ff8e530a700                      Options.wal_bytes_per_sync: 0
2018/10/16-00:53:19.273337 7ff8e530a700       Options.compaction_readahead_size: 0
2018/10/16-00:53:19.273337 7ff8e530a700 Compression algorithms supported:
2018/10/16-00:53:19.273339 7ff8e530a700 	kZSTDNotFinalCompression supported: 1
2018/10/16-00:53:19.273347 7ff8e530a700 	kZSTD supported: 1
2018/10/16-00:53:19.273349 7ff8e530a700 	kXpressCompression supported: 0
2018/10/16-00:53:19.273350 7ff8e530a700 	kLZ4HCCompression supported: 1
2018/10/16-00:53:19.273351 7ff8e530a700 	kLZ4Compression supported: 1
2018/10/16-00:53:19.273352 7ff8e530a700 	kBZip2Compression supported: 1
2018/10/16-00:53:19.273353 7ff8e530a700 	kZlibCompression supported: 1
2018/10/16-00:53:19.273354 7ff8e530a700 	kSnappyCompression supported: 1
2018/10/16-00:53:19.273357 7ff8e530a700 Fast CRC32 supported: Supported on x86
2018/10/16-00:53:19.274096 7ff8e530a700 [db/version_set.cc:3085] Recovering from manifest file: MANIFEST-001068
2018/10/16-00:53:19.274195 7ff8e530a700 [db/column_family.cc:475] --------------- Options for column family [default]:
2018/10/16-00:53:19.274199 7ff8e530a700               Options.comparator: leveldb.BytewiseComparator
2018/10/16-00:53:19.274200 7ff8e530a700           Options.merge_operator: None
2018/10/16-00:53:19.274201 7ff8e530a700        Options.compaction_filter: None
2018/10/16-00:53:19.274202 7ff8e530a700        Options.compaction_filter_factory: None
2018/10/16-00:53:19.274203 7ff8e530a700         Options.memtable_factory: SkipListFactory
2018/10/16-00:53:19.274204 7ff8e530a700            Options.table_factory: BlockBasedTable
2018/10/16-00:53:19.274231 7ff8e530a700            table_factory options:   flush_block_policy_factory: FlushBlockBySizePolicyFactory (0x7ff890384d40)
  cache_index_and_filter_blocks: 0
  cache_index_and_filter_blocks_with_high_priority: 0
  pin_l0_filter_and_index_blocks_in_cache: 0
  index_type: 0
  hash_index_allow_collision: 1
  checksum: 1
  no_block_cache: 0
  block_cache: 0x7ff89038ffa0
  block_cache_name: LRUCache
  block_cache_options:
    capacity : 8388608
    num_shard_bits : 4
    strict_capacity_limit : 0
    high_pri_pool_ratio: 0.000
  block_cache_compressed: (nil)
  persistent_cache: (nil)
  block_size: 8192
  block_size_deviation: 10
  block_restart_interval: 16
  index_block_restart_interval: 1
  metadata_block_size: 4096
  partition_filters: 0
  use_delta_encoding: 1
  filter_policy: nullptr
  whole_key_filtering: 1
  verify_compression: 0
  read_amp_bytes_per_bit: 0
  format_version: 2
  enable_index_compression: 1
  block_align: 0
2018/10/16-00:53:19.274245 7ff8e530a700        Options.write_buffer_size: 1073741824
2018/10/16-00:53:19.274247 7ff8e530a700  Options.max_write_buffer_number: 8
2018/10/16-00:53:19.274248 7ff8e530a700        Options.compression[0]: NoCompression
2018/10/16-00:53:19.274249 7ff8e530a700        Options.compression[1]: NoCompression
2018/10/16-00:53:19.274250 7ff8e530a700        Options.compression[2]: Snappy
2018/10/16-00:53:19.274251 7ff8e530a700        Options.compression[3]: Snappy
2018/10/16-00:53:19.274252 7ff8e530a700        Options.compression[4]: Snappy
2018/10/16-00:53:19.274253 7ff8e530a700        Options.compression[5]: Snappy
2018/10/16-00:53:19.274253 7ff8e530a700        Options.compression[6]: Snappy
2018/10/16-00:53:19.274254 7ff8e530a700                  Options.bottommost_compression: Disabled
2018/10/16-00:53:19.274255 7ff8e530a700       Options.prefix_extractor: nullptr
2018/10/16-00:53:19.274256 7ff8e530a700   Options.memtable_insert_with_hint_prefix_extractor: nullptr
2018/10/16-00:53:19.274257 7ff8e530a700             Options.num_levels: 7
2018/10/16-00:53:19.274258 7ff8e530a700        Options.min_write_buffer_number_to_merge: 1
2018/10/16-00:53:19.274259 7ff8e530a700     Options.max_write_buffer_number_to_maintain: 0
2018/10/16-00:53:19.274260 7ff8e530a700            Options.compression_opts.window_bits: -14
2018/10/16-00:53:19.274261 7ff8e530a700                  Options.compression_opts.level: -1
2018/10/16-00:53:19.274262 7ff8e530a700               Options.compression_opts.strategy: 0
2018/10/16-00:53:19.274262 7ff8e530a700         Options.compression_opts.max_dict_bytes: 0
2018/10/16-00:53:19.274263 7ff8e530a700         Options.compression_opts.zstd_max_train_bytes: 0
2018/10/16-00:53:19.274264 7ff8e530a700      Options.level0_file_num_compaction_trigger: 2
2018/10/16-00:53:19.274265 7ff8e530a700          Options.level0_slowdown_writes_trigger: 20
2018/10/16-00:53:19.274266 7ff8e530a700              Options.level0_stop_writes_trigger: 36
2018/10/16-00:53:19.274267 7ff8e530a700                   Options.target_file_size_base: 134217728
2018/10/16-00:53:19.274268 7ff8e530a700             Options.target_file_size_multiplier: 1
2018/10/16-00:53:19.274268 7ff8e530a700                Options.max_bytes_for_level_base: 2147483648
2018/10/16-00:53:19.274269 7ff8e530a700 Options.level_compaction_dynamic_level_bytes: 0
2018/10/16-00:53:19.274270 7ff8e530a700          Options.max_bytes_for_level_multiplier: 10.000000
2018/10/16-00:53:19.274273 7ff8e530a700 Options.max_bytes_for_level_multiplier_addtl[0]: 1
2018/10/16-00:53:19.274274 7ff8e530a700 Options.max_bytes_for_level_multiplier_addtl[1]: 1
2018/10/16-00:53:19.274275 7ff8e530a700 Options.max_bytes_for_level_multiplier_addtl[2]: 1
2018/10/16-00:53:19.274276 7ff8e530a700 Options.max_bytes_for_level_multiplier_addtl[3]: 1
2018/10/16-00:53:19.274277 7ff8e530a700 Options.max_bytes_for_level_multiplier_addtl[4]: 1
2018/10/16-00:53:19.274277 7ff8e530a700 Options.max_bytes_for_level_multiplier_addtl[5]: 1
2018/10/16-00:53:19.274278 7ff8e530a700 Options.max_bytes_for_level_multiplier_addtl[6]: 1
2018/10/16-00:53:19.274279 7ff8e530a700       Options.max_sequential_skip_in_iterations: 8
2018/10/16-00:53:19.274280 7ff8e530a700                    Options.max_compaction_bytes: 3355443200
2018/10/16-00:53:19.274291 7ff8e530a700                        Options.arena_block_size: 16777216
2018/10/16-00:53:19.274292 7ff8e530a700   Options.soft_pending_compaction_bytes_limit: 68719476736
2018/10/16-00:53:19.274293 7ff8e530a700   Options.hard_pending_compaction_bytes_limit: 274877906944
2018/10/16-00:53:19.274294 7ff8e530a700       Options.rate_limit_delay_max_milliseconds: 100
2018/10/16-00:53:19.274295 7ff8e530a700                Options.disable_auto_compactions: 0
2018/10/16-00:53:19.274297 7ff8e530a700                        Options.compaction_style: kCompactionStyleLevel
2018/10/16-00:53:19.274298 7ff8e530a700                          Options.compaction_pri: kByCompensatedSize
2018/10/16-00:53:19.274299 7ff8e530a700 Options.compaction_options_universal.size_ratio: 1
2018/10/16-00:53:19.274300 7ff8e530a700 Options.compaction_options_universal.min_merge_width: 2
2018/10/16-00:53:19.274301 7ff8e530a700 Options.compaction_options_universal.max_merge_width: 4294967295
2018/10/16-00:53:19.274302 7ff8e530a700 Options.compaction_options_universal.max_size_amplification_percent: 200
2018/10/16-00:53:19.274302 7ff8e530a700 Options.compaction_options_universal.compression_size_percent: -1
2018/10/16-00:53:19.274304 7ff8e530a700 Options.compaction_options_universal.stop_style: kCompactionStopStyleTotalSize
2018/10/16-00:53:19.274305 7ff8e530a700 Options.compaction_options_fifo.max_table_files_size: 1073741824
2018/10/16-00:53:19.274306 7ff8e530a700 Options.compaction_options_fifo.allow_compaction: 0
2018/10/16-00:53:19.274306 7ff8e530a700 Options.compaction_options_fifo.ttl: 0
2018/10/16-00:53:19.274307 7ff8e530a700                   Options.table_properties_collectors: 
2018/10/16-00:53:19.274308 7ff8e530a700                   Options.inplace_update_support: 0
2018/10/16-00:53:19.274309 7ff8e530a700                 Options.inplace_update_num_locks: 10000
2018/10/16-00:53:19.274310 7ff8e530a700               Options.memtable_prefix_bloom_size_ratio: 0.000000
2018/10/16-00:53:19.274312 7ff8e530a700   Options.memtable_huge_page_size: 0
2018/10/16-00:53:19.274312 7ff8e530a700                           Options.bloom_locality: 0
2018/10/16-00:53:19.274313 7ff8e530a700                    Options.max_successive_merges: 0
2018/10/16-00:53:19.274314 7ff8e530a700                Options.optimize_filters_for_hits: 0
2018/10/16-00:53:19.274315 7ff8e530a700                Options.paranoid_file_checks: 0
2018/10/16-00:53:19.274316 7ff8e530a700                Options.force_consistency_checks: 0
2018/10/16-00:53:19.274317 7ff8e530a700                Options.report_bg_io_stats: 0
2018/10/16-00:53:19.274318 7ff8e530a700                               Options.ttl: 0
2018/10/16-00:53:19.274910 7ff8e530a700 [db/column_family.cc:475] --------------- Options for column family [usertable]:
2018/10/16-00:53:19.274914 7ff8e530a700               Options.comparator: leveldb.BytewiseComparator
2018/10/16-00:53:19.274915 7ff8e530a700           Options.merge_operator: None
2018/10/16-00:53:19.274915 7ff8e530a700        Options.compaction_filter: None
2018/10/16-00:53:19.274916 7ff8e530a700        Options.compaction_filter_factory: None
2018/10/16-00:53:19.274917 7ff8e530a700         Options.memtable_factory: SkipListFactory
2018/10/16-00:53:19.274918 7ff8e530a700            Options.table_factory: BlockBasedTable
2018/10/16-00:53:19.274942 7ff8e530a700            table_factory options:   flush_block_policy_factory: FlushBlockBySizePolicyFactory (0x7ff890385030)
  cache_index_and_filter_blocks: 0
  cache_index_and_filter_blocks_with_high_priority: 0
  pin_l0_filter_and_index_blocks_in_cache: 0
  index_type: 0
  hash_index_allow_collision: 1
  checksum: 1
  no_block_cache: 0
  block_cache: 0x7ff890390250
  block_cache_name: LRUCache
  block_cache_options:
    capacity : 8388608
    num_shard_bits : 4
    strict_capacity_limit : 0
    high_pri_pool_ratio: 0.000
  block_cache_compressed: (nil)
  persistent_cache: (nil)
  block_size: 8192
  block_size_deviation: 10
  block_restart_interval: 16
  index_block_restart_interval: 1
  metadata_block_size: 4096
  partition_filters: 0
  use_delta_encoding: 1
  filter_policy: nullptr
  whole_key_filtering: 1
  verify_compression: 0
  read_amp_bytes_per_bit: 0
  format_version: 2
  enable_index_compression: 1
  block_align: 0
2018/10/16-00:53:19.274954 7ff8e530a700        Options.write_buffer_size: 1073741824
2018/10/16-00:53:19.274956 7ff8e530a700  Options.max_write_buffer_number: 8
2018/10/16-00:53:19.274957 7ff8e530a700        Options.compression[0]: NoCompression
2018/10/16-00:53:19.274958 7ff8e530a700        Options.compression[1]: NoCompression
2018/10/16-00:53:19.274959 7ff8e530a700        Options.compression[2]: Snappy
2018/10/16-00:53:19.274959 7ff8e530a700        Options.compression[3]: Snappy
2018/10/16-00:53:19.274960 7ff8e530a700        Options.compression[4]: Snappy
2018/10/16-00:53:19.274961 7ff8e530a700        Options.compression[5]: Snappy
2018/10/16-00:53:19.274962 7ff8e530a700        Options.compression[6]: Snappy
2018/10/16-00:53:19.274963 7ff8e530a700                  Options.bottommost_compression: Disabled
2018/10/16-00:53:19.274964 7ff8e530a700       Options.prefix_extractor: nullptr
2018/10/16-00:53:19.274965 7ff8e530a700   Options.memtable_insert_with_hint_prefix_extractor: nullptr
2018/10/16-00:53:19.274966 7ff8e530a700             Options.num_levels: 7
2018/10/16-00:53:19.274967 7ff8e530a700        Options.min_write_buffer_number_to_merge: 1
2018/10/16-00:53:19.274967 7ff8e530a700     Options.max_write_buffer_number_to_maintain: 0
2018/10/16-00:53:19.274968 7ff8e530a700            Options.compression_opts.window_bits: -14
2018/10/16-00:53:19.274969 7ff8e530a700                  Options.compression_opts.level: -1
2018/10/16-00:53:19.274983 7ff8e530a700               Options.compression_opts.strategy: 0
2018/10/16-00:53:19.274983 7ff8e530a700         Options.compression_opts.max_dict_bytes: 0
2018/10/16-00:53:19.274984 7ff8e530a700         Options.compression_opts.zstd_max_train_bytes: 0
2018/10/16-00:53:19.274985 7ff8e530a700      Options.level0_file_num_compaction_trigger: 2
2018/10/16-00:53:19.274986 7ff8e530a700          Options.level0_slowdown_writes_trigger: 20
2018/10/16-00:53:19.274987 7ff8e530a700              Options.level0_stop_writes_trigger: 36
2018/10/16-00:53:19.274988 7ff8e530a700                   Options.target_file_size_base: 134217728
2018/10/16-00:53:19.274988 7ff8e530a700             Options.target_file_size_multiplier: 1
2018/10/16-00:53:19.274989 7ff8e530a700                Options.max_bytes_for_level_base: 2147483648
2018/10/16-00:53:19.274990 7ff8e530a700 Options.level_compaction_dynamic_level_bytes: 0
2018/10/16-00:53:19.274991 7ff8e530a700          Options.max_bytes_for_level_multiplier: 10.000000
2018/10/16-00:53:19.274993 7ff8e530a700 Options.max_bytes_for_level_multiplier_addtl[0]: 1
2018/10/16-00:53:19.274994 7ff8e530a700 Options.max_bytes_for_level_multiplier_addtl[1]: 1
2018/10/16-00:53:19.274995 7ff8e530a700 Options.max_bytes_for_level_multiplier_addtl[2]: 1
2018/10/16-00:53:19.274996 7ff8e530a700 Options.max_bytes_for_level_multiplier_addtl[3]: 1
2018/10/16-00:53:19.274997 7ff8e530a700 Options.max_bytes_for_level_multiplier_addtl[4]: 1
2018/10/16-00:53:19.274997 7ff8e530a700 Options.max_bytes_for_level_multiplier_addtl[5]: 1
2018/10/16-00:53:19.274998 7ff8e530a700 Options.max_bytes_for_level_multiplier_addtl[6]: 1
2018/10/16-00:53:19.274999 7ff8e530a700       Options.max_sequential_skip_in_iterations: 8
2018/10/16-00:53:19.275000 7ff8e530a700                    Options.max_compaction_bytes: 3355443200
2018/10/16-00:53:19.275001 7ff8e530a700                        Options.arena_block_size: 16777216
2018/10/16-00:53:19.275001 7ff8e530a700   Options.soft_pending_compaction_bytes_limit: 68719476736
2018/10/16-00:53:19.275002 7ff8e530a700   Options.hard_pending_compaction_bytes_limit: 274877906944
2018/10/16-00:53:19.275003 7ff8e530a700       Options.rate_limit_delay_max_milliseconds: 100
2018/10/16-00:53:19.275004 7ff8e530a700                Options.disable_auto_compactions: 0
2018/10/16-00:53:19.275005 7ff8e530a700                        Options.compaction_style: kCompactionStyleLevel
2018/10/16-00:53:19.275013 7ff8e530a700                          Options.compaction_pri: kByCompensatedSize
2018/10/16-00:53:19.275014 7ff8e530a700 Options.compaction_options_universal.size_ratio: 1
2018/10/16-00:53:19.275015 7ff8e530a700 Options.compaction_options_universal.min_merge_width: 2
2018/10/16-00:53:19.275016 7ff8e530a700 Options.compaction_options_universal.max_merge_width: 4294967295
2018/10/16-00:53:19.275016 7ff8e530a700 Options.compaction_options_universal.max_size_amplification_percent: 200
2018/10/16-00:53:19.275017 7ff8e530a700 Options.compaction_options_universal.compression_size_percent: -1
2018/10/16-00:53:19.275018 7ff8e530a700 Options.compaction_options_universal.stop_style: kCompactionStopStyleTotalSize
2018/10/16-00:53:19.275019 7ff8e530a700 Options.compaction_options_fifo.max_table_files_size: 1073741824
2018/10/16-00:53:19.275020 7ff8e530a700 Options.compaction_options_fifo.allow_compaction: 0
2018/10/16-00:53:19.275021 7ff8e530a700 Options.compaction_options_fifo.ttl: 0
2018/10/16-00:53:19.275022 7ff8e530a700                   Options.table_properties_collectors: 
2018/10/16-00:53:19.275023 7ff8e530a700                   Options.inplace_update_support: 0
2018/10/16-00:53:19.275023 7ff8e530a700                 Options.inplace_update_num_locks: 10000
2018/10/16-00:53:19.275024 7ff8e530a700               Options.memtable_prefix_bloom_size_ratio: 0.000000
2018/10/16-00:53:19.275026 7ff8e530a700   Options.memtable_huge_page_size: 0
2018/10/16-00:53:19.275027 7ff8e530a700                           Options.bloom_locality: 0
2018/10/16-00:53:19.275027 7ff8e530a700                    Options.max_successive_merges: 0
2018/10/16-00:53:19.275028 7ff8e530a700                Options.optimize_filters_for_hits: 0
2018/10/16-00:53:19.275029 7ff8e530a700                Options.paranoid_file_checks: 0
2018/10/16-00:53:19.275030 7ff8e530a700                Options.force_consistency_checks: 0
2018/10/16-00:53:19.275031 7ff8e530a700                Options.report_bg_io_stats: 0
2018/10/16-00:53:19.275044 7ff8e530a700                               Options.ttl: 0
2018/10/16-00:53:20.004044 7ff8e530a700 [db/version_set.cc:3361] Recovered from manifest file:/mnt/sdb1/ycsb-rocksdb-data/MANIFEST-001068 succeeded,manifest_file_number is 1068, next_file_number is 3334, last_sequence is 14994426, log_number is 0,prev_log_number is 0,max_column_family is 1,min_log_number_to_keep is 0
2018/10/16-00:53:20.004056 7ff8e530a700 [db/version_set.cc:3369] Column family [default] (ID 0), log number is 1042
2018/10/16-00:53:20.004058 7ff8e530a700 [db/version_set.cc:3369] Column family [usertable] (ID 1), log number is 3215
2018/10/16-00:53:20.006244 7ff8e530a700 EVENT_LOG_v1 {"time_micros": 1539676400006228, "job": 1, "event": "recovery_started", "log_files": [3215]}
2018/10/16-00:53:20.006252 7ff8e530a700 [db/db_impl_open.cc:551] Recovering log #3215 mode 2
2018/10/16-00:53:23.108929 7ff8e530a700 [db/version_set.cc:2847] Creating manifest 3334
2018/10/16-00:53:42.132615 7ff8e530a700 EVENT_LOG_v1 {"time_micros": 1539676422132583, "cf_name": "usertable", "job": 1, "event": "table_file_creation", "file_number": 3335, "file_size": 650630436, "table_properties": {"data_size": 647813605, "index_size": 2815904, "filter_size": 0, "raw_key_size": 1888440, "raw_average_key_size": 24, "raw_value_size": 644587520, "raw_average_value_size": 8192, "num_data_blocks": 78685, "num_entries": 78685, "filter_policy_name": "", "kDeletedKeys": "0", "kMergeOperands": "0"}}
2018/10/16-00:53:42.423448 7ff8e530a700 EVENT_LOG_v1 {"time_micros": 1539676422423440, "job": 1, "event": "recovery_finished"}
2018/10/16-00:53:43.026711 7ff8e530a700 [db/db_impl_open.cc:1219] DB pointer 0x7ff8903cac40
2018/10/16-00:53:43.027187 7ff847a67700 [WARN] [db/db_impl.cc:491] ------- DUMPING STATS -------
2018/10/16-00:53:43.027252 7ff847a67700 [WARN] [db/db_impl.cc:492] 
** DB Stats **
Uptime(secs): 23.8 total, 23.8 interval
Cumulative writes: 0 writes, 0 keys, 0 commit groups, 0.0 writes per commit group, ingest: 0.00 GB, 0.00 MB/s
Cumulative WAL: 0 writes, 0 syncs, 0.00 writes per sync, written: 0.00 GB, 0.00 MB/s
Cumulative stall: 00:00:0.000 H:M:S, 0.0 percent
Interval writes: 0 writes, 0 keys, 0 commit groups, 0.0 writes per commit group, ingest: 0.00 MB, 0.00 MB/s
Interval WAL: 0 writes, 0 syncs, 0.00 writes per sync, written: 0.00 MB, 0.00 MB/s
Interval stall: 00:00:0.000 H:M:S, 0.0 percent

** Compaction Stats [default] **
Level    Files   Size     Score Read(GB)  Rn(GB) Rnp1(GB) Write(GB) Wnew(GB) Moved(GB) W-Amp Rd(MB/s) Wr(MB/s) Comp(sec) Comp(cnt) Avg(sec) KeyIn KeyDrop
----------------------------------------------------------------------------------------------------------------------------------------------------------
 Sum      0/0    0.00 KB   0.0      0.0     0.0      0.0       0.0      0.0       0.0   0.0      0.0      0.0         0         0    0.000       0      0
 Int      0/0    0.00 KB   0.0      0.0     0.0      0.0       0.0      0.0       0.0   0.0      0.0      0.0         0         0    0.000       0      0
Uptime(secs): 23.8 total, 23.8 interval
Flush(GB): cumulative 0.000, interval 0.000
AddFile(GB): cumulative 0.000, interval 0.000
AddFile(Total Files): cumulative 0, interval 0
AddFile(L0 Files): cumulative 0, interval 0
AddFile(Keys): cumulative 0, interval 0
Cumulative compaction: 0.00 GB write, 0.00 MB/s write, 0.00 GB read, 0.00 MB/s read, 0.0 seconds
Interval compaction: 0.00 GB write, 0.00 MB/s write, 0.00 GB read, 0.00 MB/s read, 0.0 seconds
Stalls(count): 0 level0_slowdown, 0 level0_slowdown_with_compaction, 0 level0_numfiles, 0 level0_numfiles_with_compaction, 0 stop for pending_compaction_bytes, 0 slowdown for pending_compaction_bytes, 0 memtable_compaction, 0 memtable_slowdown, interval 0 total count

** File Read Latency Histogram By Level [default] **

** Compaction Stats [usertable] **
Level    Files   Size     Score Read(GB)  Rn(GB) Rnp1(GB) Write(GB) Wnew(GB) Moved(GB) W-Amp Rd(MB/s) Wr(MB/s) Comp(sec) Comp(cnt) Avg(sec) KeyIn KeyDrop
----------------------------------------------------------------------------------------------------------------------------------------------------------
  L0      1/0   620.49 MB   0.5      0.0     0.0      0.0       0.6      0.6       0.0   1.0      0.0     32.7        19         1   18.965       0      0
  L1     21/0    2.39 GB   1.2      0.0     0.0      0.0       0.0      0.0       0.0   0.0      0.0      0.0         0         0    0.000       0      0
  L2    178/0   20.89 GB   1.0      0.0     0.0      0.0       0.0      0.0       0.0   0.0      0.0      0.0         0         0    0.000       0      0
  L3    518/0   60.93 GB   0.3      0.0     0.0      0.0       0.0      0.0       0.0   0.0      0.0      0.0         0         0    0.000       0      0
 Sum    718/0   84.82 GB   0.0      0.0     0.0      0.0       0.6      0.6       0.0   1.0      0.0     32.7        19         1   18.965       0      0
 Int      0/0    0.00 KB   0.0      0.0     0.0      0.0       0.6      0.6       0.0   1.0      0.0     32.7        19         1   18.965       0      0
Uptime(secs): 23.8 total, 23.8 interval
Flush(GB): cumulative 0.606, interval 0.606
AddFile(GB): cumulative 0.000, interval 0.000
AddFile(Total Files): cumulative 0, interval 0
AddFile(L0 Files): cumulative 0, interval 0
AddFile(Keys): cumulative 0, interval 0
Cumulative compaction: 0.61 GB write, 26.12 MB/s write, 0.00 GB read, 0.00 MB/s read, 19.0 seconds
Interval compaction: 0.61 GB write, 26.12 MB/s write, 0.00 GB read, 0.00 MB/s read, 19.0 seconds
Stalls(count): 0 level0_slowdown, 0 level0_slowdown_with_compaction, 0 level0_numfiles, 0 level0_numfiles_with_compaction, 0 stop for pending_compaction_bytes, 0 slowdown for pending_compaction_bytes, 0 memtable_compaction, 0 memtable_slowdown, interval 0 total count

** File Read Latency Histogram By Level [usertable] **

** Compaction Stats [default] **
Level    Files   Size     Score Read(GB)  Rn(GB) Rnp1(GB) Write(GB) Wnew(GB) Moved(GB) W-Amp Rd(MB/s) Wr(MB/s) Comp(sec) Comp(cnt) Avg(sec) KeyIn KeyDrop
----------------------------------------------------------------------------------------------------------------------------------------------------------
 Sum      0/0    0.00 KB   0.0      0.0     0.0      0.0       0.0      0.0       0.0   0.0      0.0      0.0         0         0    0.000       0      0
 Int      0/0    0.00 KB   0.0      0.0     0.0      0.0       0.0      0.0       0.0   0.0      0.0      0.0         0         0    0.000       0      0
Uptime(secs): 23.8 total, 0.0 interval
Flush(GB): cumulative 0.000, interval 0.000
AddFile(GB): cumulative 0.000, interval 0.000
AddFile(Total Files): cumulative 0, interval 0
AddFile(L0 Files): cumulative 0, interval 0
AddFile(Keys): cumulative 0, interval 0
Cumulative compaction: 0.00 GB write, 0.00 MB/s write, 0.00 GB read, 0.00 MB/s read, 0.0 seconds
Interval compaction: 0.00 GB write, 0.00 MB/s write, 0.00 GB read, 0.00 MB/s read, 0.0 seconds
Stalls(count): 0 level0_slowdown, 0 level0_slowdown_with_compaction, 0 level0_numfiles, 0 level0_numfiles_with_compaction, 0 stop for pending_compaction_bytes, 0 slowdown for pending_compaction_bytes, 0 memtable_compaction, 0 memtable_slowdown, interval 0 total count

** File Read Latency Histogram By Level [default] **

** Compaction Stats [usertable] **
Level    Files   Size     Score Read(GB)  Rn(GB) Rnp1(GB) Write(GB) Wnew(GB) Moved(GB) W-Amp Rd(MB/s) Wr(MB/s) Comp(sec) Comp(cnt) Avg(sec) KeyIn KeyDrop
----------------------------------------------------------------------------------------------------------------------------------------------------------
  L0      1/0   620.49 MB   0.5      0.0     0.0      0.0       0.6      0.6       0.0   1.0      0.0     32.7        19         1   18.965       0      0
  L1     21/0    2.39 GB   1.2      0.0     0.0      0.0       0.0      0.0       0.0   0.0      0.0      0.0         0         0    0.000       0      0
  L2    178/0   20.89 GB   1.0      0.0     0.0      0.0       0.0      0.0       0.0   0.0      0.0      0.0         0         0    0.000       0      0
  L3    518/0   60.93 GB   0.3      0.0     0.0      0.0       0.0      0.0       0.0   0.0      0.0      0.0         0         0    0.000       0      0
 Sum    718/0   84.82 GB   0.0      0.0     0.0      0.0       0.6      0.6       0.0   1.0      0.0     32.7        19         1   18.965       0      0
 Int      0/0    0.00 KB   0.0      0.0     0.0      0.0       0.0      0.0       0.0   0.0      0.0      0.0         0         0    0.000       0      0
Uptime(secs): 23.8 total, 0.0 interval
Flush(GB): cumulative 0.606, interval 0.000
AddFile(GB): cumulative 0.000, interval 0.000
AddFile(Total Files): cumulative 0, interval 0
AddFile(L0 Files): cumulative 0, interval 0
AddFile(Keys): cumulative 0, interval 0
Cumulative compaction: 0.61 GB write, 26.12 MB/s write, 0.00 GB read, 0.00 MB/s read, 19.0 seconds
Interval compaction: 0.00 GB write, 0.00 MB/s write, 0.00 GB read, 0.00 MB/s read, 0.0 seconds
Stalls(count): 0 level0_slowdown, 0 level0_slowdown_with_compaction, 0 level0_numfiles, 0 level0_numfiles_with_compaction, 0 stop for pending_compaction_bytes, 0 slowdown for pending_compaction_bytes, 0 memtable_compaction, 0 memtable_slowdown, interval 0 total count

** File Read Latency Histogram By Level [usertable] **
2018/10/16-00:53:43.027506 7ff847a67700 [db/compaction_job.cc:1531] [usertable] [JOB 3] Compacting 1@1 + 7@2 files to L2, score 1.20
2018/10/16-00:53:43.027520 7ff847a67700 [db/compaction_job.cc:1535] [usertable] Compaction start summary: Base version 5 Base level 1, inputs: [3227(128MB)], [2850(128MB) 2854(128MB) 2864(128MB) 2888(128MB) 2892(45MB) 2715(128MB) 2727(128MB)]
2018/10/16-00:53:43.027583 7ff847a67700 EVENT_LOG_v1 {"time_micros": 1539676423027540, "job": 3, "event": "compaction_started", "compaction_reason": "LevelMaxLevelSize", "files_L1": [3227], "files_L2": [2850, 2854, 2864, 2888, 2892, 2715, 2727], "score": 1.19534, "input_data_size": 989739451}
2018/10/16-00:53:48.764982 7ff847a67700 [db/compaction_job.cc:1211] [usertable] [JOB 3] Generated table #3339: 16304 keys, 134466387 bytes
2018/10/16-00:53:48.765038 7ff847a67700 EVENT_LOG_v1 {"time_micros": 1539676428765020, "cf_name": "usertable", "job": 3, "event": "table_file_creation", "file_number": 3339, "file_size": 134466387, "table_properties": {"data_size": 134230832, "index_size": 598264, "filter_size": 0, "raw_key_size": 391296, "raw_average_key_size": 24, "raw_value_size": 133562368, "raw_average_value_size": 8192, "num_data_blocks": 16304, "num_entries": 16304, "filter_policy_name": "", "kDeletedKeys": "0", "kMergeOperands": "0"}}
2018/10/16-00:53:53.456468 7ff847a67700 [db/compaction_job.cc:1211] [usertable] [JOB 3] Generated table #3340: 16304 keys, 134465955 bytes
2018/10/16-00:53:53.456505 7ff847a67700 EVENT_LOG_v1 {"time_micros": 1539676433456488, "cf_name": "usertable", "job": 3, "event": "table_file_creation", "file_number": 3340, "file_size": 134465955, "table_properties": {"data_size": 134230832, "index_size": 601172, "filter_size": 0, "raw_key_size": 391296, "raw_average_key_size": 24, "raw_value_size": 133562368, "raw_average_value_size": 8192, "num_data_blocks": 16304, "num_entries": 16304, "filter_policy_name": "", "kDeletedKeys": "0", "kMergeOperands": "0"}}
2018/10/16-00:53:58.969940 7ff847a67700 [db/compaction_job.cc:1211] [usertable] [JOB 3] Generated table #3341: 16304 keys, 134469781 bytes
2018/10/16-00:53:58.970007 7ff847a67700 EVENT_LOG_v1 {"time_micros": 1539676438969983, "cf_name": "usertable", "job": 3, "event": "table_file_creation", "file_number": 3341, "file_size": 134469781, "table_properties": {"data_size": 134230832, "index_size": 599897, "filter_size": 0, "raw_key_size": 391296, "raw_average_key_size": 24, "raw_value_size": 133562368, "raw_average_value_size": 8192, "num_data_blocks": 16304, "num_entries": 16304, "filter_policy_name": "", "kDeletedKeys": "0", "kMergeOperands": "0"}}
2018/10/16-00:54:03.052404 7ff847a67700 [db/compaction_job.cc:1211] [usertable] [JOB 3] Generated table #3342: 16304 keys, 134469794 bytes
2018/10/16-00:54:03.052446 7ff847a67700 EVENT_LOG_v1 {"time_micros": 1539676443052427, "cf_name": "usertable", "job": 3, "event": "table_file_creation", "file_number": 3342, "file_size": 134469794, "table_properties": {"data_size": 134230832, "index_size": 599902, "filter_size": 0, "raw_key_size": 391296, "raw_average_key_size": 24, "raw_value_size": 133562368, "raw_average_value_size": 8192, "num_data_blocks": 16304, "num_entries": 16304, "filter_policy_name": "", "kDeletedKeys": "0", "kMergeOperands": "0"}}
2018/10/16-00:54:08.017905 7ff847a67700 [db/compaction_job.cc:1211] [usertable] [JOB 3] Generated table #3343: 16304 keys, 134470173 bytes
2018/10/16-00:54:08.017950 7ff847a67700 EVENT_LOG_v1 {"time_micros": 1539676448017934, "cf_name": "usertable", "job": 3, "event": "table_file_creation", "file_number": 3343, "file_size": 134470173, "table_properties": {"data_size": 134230832, "index_size": 595512, "filter_size": 0, "raw_key_size": 391296, "raw_average_key_size": 24, "raw_value_size": 133562368, "raw_average_value_size": 8192, "num_data_blocks": 16304, "num_entries": 16304, "filter_policy_name": "", "kDeletedKeys": "0", "kMergeOperands": "0"}}
2018/10/16-00:54:12.530003 7ff847a67700 [db/compaction_job.cc:1211] [usertable] [JOB 3] Generated table #3344: 16304 keys, 134471782 bytes
2018/10/16-00:54:12.530041 7ff847a67700 EVENT_LOG_v1 {"time_micros": 1539676452530026, "cf_name": "usertable", "job": 3, "event": "table_file_creation", "file_number": 3344, "file_size": 134471782, "table_properties": {"data_size": 134230832, "index_size": 598909, "filter_size": 0, "raw_key_size": 391296, "raw_average_key_size": 24, "raw_value_size": 133562368, "raw_average_value_size": 8192, "num_data_blocks": 16304, "num_entries": 16304, "filter_policy_name": "", "kDeletedKeys": "0", "kMergeOperands": "0"}}
2018/10/16-00:54:13.889811 7ff847a67700 [db/compaction_job.cc:1211] [usertable] [JOB 3] Generated table #3345: 15445 keys, 127379897 bytes
2018/10/16-00:54:13.889859 7ff847a67700 EVENT_LOG_v1 {"time_micros": 1539676453889840, "cf_name": "usertable", "job": 3, "event": "table_file_creation", "file_number": 3345, "file_size": 127379897, "table_properties": {"data_size": 127158685, "index_size": 569484, "filter_size": 0, "raw_key_size": 370680, "raw_average_key_size": 24, "raw_value_size": 126525440, "raw_average_value_size": 8192, "num_data_blocks": 15445, "num_entries": 15445, "filter_policy_name": "", "kDeletedKeys": "0", "kMergeOperands": "0"}}
2018/10/16-00:54:13.889943 7ff847a67700 [db/compaction_job.cc:1287] [usertable] [JOB 3] Compacted 1@1 + 7@2 files to L2 => 934193769 bytes
2018/10/16-00:54:13.916610 7ff847a67700 (Original Log Time 2018/10/16-00:54:13.916462) [db/compaction_job.cc:685] [usertable] compacted to: base level 1 max bytes base 2147483648 files[1 20 178 518 0 0 0] max score 1.13, MB/sec: 32.1 rd, 30.3 wr, level 2, files in(1, 7) out(7) MB in(128.6, 815.3) out(890.9), read-write-amplify(14.3) write-amplify(6.9) OK, records in: 119964, records dropped: 6695 output_compression: Snappy
2018/10/16-00:54:13.916622 7ff847a67700 (Original Log Time 2018/10/16-00:54:13.916490) EVENT_LOG_v1 {"time_micros": 1539676453916477, "job": 3, "event": "compaction_finished", "compaction_time_micros": 30862290, "output_level": 2, "num_output_files": 7, "total_output_size": 934193769, "num_input_records": 119964, "num_output_records": 113269, "num_subcompactions": 1, "output_compression": "Snappy", "num_single_delete_mismatches": 0, "num_single_delete_fallthrough": 0, "lsm_state": [1, 20, 178, 518, 0, 0, 0]}
2018/10/16-00:54:13.916699 7ff847a67700 [db/compaction_job.cc:1531] [usertable] [JOB 4] Compacting 1@1 + 7@2 files to L2, score 1.13
2018/10/16-00:54:13.916706 7ff847a67700 [db/compaction_job.cc:1535] [usertable] Compaction start summary: Base version 6 Base level 1, inputs: [3226(128MB)], [2882(128MB) 2883(128MB) 2895(128MB) 2903(76MB) 2824(128MB) 2838(128MB) 3339(128MB)]
2018/10/16-00:54:13.916721 7ff847a67700 EVENT_LOG_v1 {"time_micros": 1539676453916712, "job": 4, "event": "compaction_started", "compaction_reason": "LevelMaxLevelSize", "files_L1": [3226], "files_L2": [2882, 2883, 2895, 2903, 2824, 2838, 3339], "score": 1.13256, "input_data_size": 1022228811}
2018/10/16-00:54:23.829352 7ff847a67700 [db/compaction_job.cc:1211] [usertable] [JOB 4] Generated table #3346: 16304 keys, 134471534 bytes
2018/10/16-00:54:23.829424 7ff847a67700 EVENT_LOG_v1 {"time_micros": 1539676463829406, "cf_name": "usertable", "job": 4, "event": "table_file_creation", "file_number": 3346, "file_size": 134471534, "table_properties": {"data_size": 134230832, "index_size": 599054, "filter_size": 0, "raw_key_size": 391296, "raw_average_key_size": 24, "raw_value_size": 133562368, "raw_average_value_size": 8192, "num_data_blocks": 16304, "num_entries": 16304, "filter_policy_name": "", "kDeletedKeys": "0", "kMergeOperands": "0"}}
2018/10/16-00:54:26.493311 7ff847a67700 [db/compaction_job.cc:1211] [usertable] [JOB 4] Generated table #3347: 16304 keys, 134469991 bytes
