2018/11/15-03:52:30.180166 7f9552fda700 RocksDB version: 5.14.3
2018/11/15-03:52:30.180233 7f9552fda700 Git sha rocksdb_build_git_sha:
2018/11/15-03:52:30.180236 7f9552fda700 Compile date Oct 15 2018
2018/11/15-03:52:30.180240 7f9552fda700 DB SUMMARY
2018/11/15-03:52:30.181394 7f9552fda700 CURRENT file:  CURRENT
2018/11/15-03:52:30.181397 7f9552fda700 IDENTITY file:  IDENTITY
2018/11/15-03:52:30.181403 7f9552fda700 MANIFEST file:  MANIFEST-000004 size: 19987 Bytes
2018/11/15-03:52:30.181406 7f9552fda700 SST files in /mnt/sdb/ycsb-rocksdb-data dir, Total Num: 147, files: 000052.sst 000054.sst 000059.sst 000060.sst 000063.sst 000064.sst 000065.sst 000066.sst 000074.sst 
2018/11/15-03:52:30.181415 7f9552fda700 Write Ahead Log file in /mnt/sdb/ycsb-rocksdb-data: 000296.log size: 118232206 ; 000300.log size: 127783647 ; 000301.log size: 125673442 ; 000303.log size: 123094185 ; 000306.log size: 125877030 ; 000308.log size: 125225109 ; 000315.log size: 125371502 ; 000324.log size: 127139020 ; 000326.log size: 127961788 ; 000328.log size: 125243591 ; 000329.log size: 128090876 ; 000333.log size: 125944672 ; 000334.log size: 126982666 ; 000336.log size: 128275684 ; 000343.log size: 127740128 ; 000345.log size: 123186406 ; 000349.log size: 126798066 ; 000351.log size: 126931279 ; 000352.log size: 126585672 ; 000355.log size: 125805963 ; 000359.log size: 125070354 ; 000361.log size: 95534497 ; 
2018/11/15-03:52:30.181420 7f9552fda700                         Options.error_if_exists: 0
2018/11/15-03:52:30.181422 7f9552fda700                       Options.create_if_missing: 1
2018/11/15-03:52:30.181423 7f9552fda700                         Options.paranoid_checks: 1
2018/11/15-03:52:30.181423 7f9552fda700                                     Options.env: 0x7f95526b43e0
2018/11/15-03:52:30.181424 7f9552fda700                                Options.info_log: 0x7f94ac3bf7a0
2018/11/15-03:52:30.181425 7f9552fda700                Options.max_file_opening_threads: 16
2018/11/15-03:52:30.181426 7f9552fda700                              Options.statistics: (nil)
2018/11/15-03:52:30.181428 7f9552fda700                               Options.use_fsync: 0
2018/11/15-03:52:30.181429 7f9552fda700                       Options.max_log_file_size: 0
2018/11/15-03:52:30.181430 7f9552fda700                  Options.max_manifest_file_size: 18446744073709551615
2018/11/15-03:52:30.181431 7f9552fda700                   Options.log_file_time_to_roll: 0
2018/11/15-03:52:30.181431 7f9552fda700                       Options.keep_log_file_num: 1000
2018/11/15-03:52:30.181432 7f9552fda700                    Options.recycle_log_file_num: 0
2018/11/15-03:52:30.181433 7f9552fda700                         Options.allow_fallocate: 1
2018/11/15-03:52:30.181434 7f9552fda700                        Options.allow_mmap_reads: 0
2018/11/15-03:52:30.181435 7f9552fda700                       Options.allow_mmap_writes: 0
2018/11/15-03:52:30.181436 7f9552fda700                        Options.use_direct_reads: 0
2018/11/15-03:52:30.181437 7f9552fda700                        Options.use_direct_io_for_flush_and_compaction: 0
2018/11/15-03:52:30.181437 7f9552fda700          Options.create_missing_column_families: 1
2018/11/15-03:52:30.181438 7f9552fda700                              Options.db_log_dir: 
2018/11/15-03:52:30.181439 7f9552fda700                                 Options.wal_dir: /mnt/sdb/ycsb-rocksdb-data
2018/11/15-03:52:30.181440 7f9552fda700                Options.table_cache_numshardbits: 6
2018/11/15-03:52:30.181441 7f9552fda700                      Options.max_subcompactions: 4
2018/11/15-03:52:30.181442 7f9552fda700                  Options.max_background_flushes: 24
2018/11/15-03:52:30.181443 7f9552fda700                         Options.WAL_ttl_seconds: 0
2018/11/15-03:52:30.181444 7f9552fda700                       Options.WAL_size_limit_MB: 0
2018/11/15-03:52:30.181444 7f9552fda700             Options.manifest_preallocation_size: 4194304
2018/11/15-03:52:30.181445 7f9552fda700                     Options.is_fd_close_on_exec: 1
2018/11/15-03:52:30.181446 7f9552fda700                   Options.advise_random_on_open: 1
2018/11/15-03:52:30.181447 7f9552fda700                    Options.db_write_buffer_size: 0
2018/11/15-03:52:30.181459 7f9552fda700                    Options.write_buffer_manager: 0x7f94ac3bc480
2018/11/15-03:52:30.181460 7f9552fda700         Options.access_hint_on_compaction_start: 1
2018/11/15-03:52:30.181461 7f9552fda700  Options.new_table_reader_for_compaction_inputs: 0
2018/11/15-03:52:30.181462 7f9552fda700           Options.random_access_max_buffer_size: 1048576
2018/11/15-03:52:30.181463 7f9552fda700                      Options.use_adaptive_mutex: 0
2018/11/15-03:52:30.181463 7f9552fda700                            Options.rate_limiter: (nil)
2018/11/15-03:52:30.181465 7f9552fda700     Options.sst_file_manager.rate_bytes_per_sec: 0
2018/11/15-03:52:30.181466 7f9552fda700                       Options.wal_recovery_mode: 2
2018/11/15-03:52:30.181467 7f9552fda700                  Options.enable_thread_tracking: 0
2018/11/15-03:52:30.181468 7f9552fda700                  Options.enable_pipelined_write: 1
2018/11/15-03:52:30.181469 7f9552fda700         Options.allow_concurrent_memtable_write: 1
2018/11/15-03:52:30.181469 7f9552fda700      Options.enable_write_thread_adaptive_yield: 1
2018/11/15-03:52:30.181470 7f9552fda700             Options.write_thread_max_yield_usec: 100
2018/11/15-03:52:30.181471 7f9552fda700            Options.write_thread_slow_yield_usec: 3
2018/11/15-03:52:30.181472 7f9552fda700                               Options.row_cache: None
2018/11/15-03:52:30.181473 7f9552fda700                              Options.wal_filter: None
2018/11/15-03:52:30.181474 7f9552fda700             Options.avoid_flush_during_recovery: 0
2018/11/15-03:52:30.181474 7f9552fda700             Options.allow_ingest_behind: 0
2018/11/15-03:52:30.181475 7f9552fda700             Options.preserve_deletes: 0
2018/11/15-03:52:30.181476 7f9552fda700             Options.two_write_queues: 0
2018/11/15-03:52:30.181477 7f9552fda700             Options.manual_wal_flush: 0
2018/11/15-03:52:30.181479 7f9552fda700             Options.max_background_jobs: 24
2018/11/15-03:52:30.181480 7f9552fda700             Options.max_background_compactions: 24
2018/11/15-03:52:30.181481 7f9552fda700             Options.avoid_flush_during_shutdown: 0
2018/11/15-03:52:30.181481 7f9552fda700           Options.writable_file_max_buffer_size: 1048576
2018/11/15-03:52:30.181482 7f9552fda700             Options.delayed_write_rate : 16777216
2018/11/15-03:52:30.181483 7f9552fda700             Options.max_total_wal_size: 0
2018/11/15-03:52:30.181484 7f9552fda700             Options.delete_obsolete_files_period_micros: 21600000000
2018/11/15-03:52:30.181485 7f9552fda700                   Options.stats_dump_period_sec: 60
2018/11/15-03:52:30.181486 7f9552fda700                          Options.max_open_files: -1
2018/11/15-03:52:30.181487 7f9552fda700                          Options.bytes_per_sync: 1048576
2018/11/15-03:52:30.181488 7f9552fda700                      Options.wal_bytes_per_sync: 0
2018/11/15-03:52:30.181489 7f9552fda700       Options.compaction_readahead_size: 0
2018/11/15-03:52:30.181490 7f9552fda700 Compression algorithms supported:
2018/11/15-03:52:30.181491 7f9552fda700 	kZSTDNotFinalCompression supported: 1
2018/11/15-03:52:30.181498 7f9552fda700 	kZSTD supported: 1
2018/11/15-03:52:30.181499 7f9552fda700 	kXpressCompression supported: 0
2018/11/15-03:52:30.181500 7f9552fda700 	kLZ4HCCompression supported: 1
2018/11/15-03:52:30.181501 7f9552fda700 	kLZ4Compression supported: 1
2018/11/15-03:52:30.181502 7f9552fda700 	kBZip2Compression supported: 1
2018/11/15-03:52:30.181503 7f9552fda700 	kZlibCompression supported: 1
2018/11/15-03:52:30.181504 7f9552fda700 	kSnappyCompression supported: 1
2018/11/15-03:52:30.181507 7f9552fda700 Fast CRC32 supported: Supported on x86
2018/11/15-03:52:30.181913 7f9552fda700 [db/version_set.cc:3085] Recovering from manifest file: MANIFEST-000004
2018/11/15-03:52:30.182013 7f9552fda700 [db/column_family.cc:475] --------------- Options for column family [default]:
2018/11/15-03:52:30.182017 7f9552fda700               Options.comparator: leveldb.BytewiseComparator
2018/11/15-03:52:30.182031 7f9552fda700           Options.merge_operator: None
2018/11/15-03:52:30.182033 7f9552fda700        Options.compaction_filter: None
2018/11/15-03:52:30.182033 7f9552fda700        Options.compaction_filter_factory: None
2018/11/15-03:52:30.182034 7f9552fda700         Options.memtable_factory: SkipListFactory
2018/11/15-03:52:30.182036 7f9552fda700            Options.table_factory: BlockBasedTable
2018/11/15-03:52:30.182061 7f9552fda700            table_factory options:   flush_block_policy_factory: FlushBlockBySizePolicyFactory (0x7f94ac380790)
  cache_index_and_filter_blocks: 0
  cache_index_and_filter_blocks_with_high_priority: 0
  pin_l0_filter_and_index_blocks_in_cache: 0
  index_type: 0
  hash_index_allow_collision: 1
  checksum: 1
  no_block_cache: 0
  block_cache: 0x7f94ac389a80
  block_cache_name: LRUCache
  block_cache_options:
    capacity : 8388608
    num_shard_bits : 4
    strict_capacity_limit : 0
    high_pri_pool_ratio: 0.000
  block_cache_compressed: (nil)
  persistent_cache: (nil)
  block_size: 8192
  block_size_deviation: 10
  block_restart_interval: 16
  index_block_restart_interval: 1
  metadata_block_size: 4096
  partition_filters: 0
  use_delta_encoding: 1
  filter_policy: nullptr
  whole_key_filtering: 1
  verify_compression: 0
  read_amp_bytes_per_bit: 0
  format_version: 2
  enable_index_compression: 1
  block_align: 0
2018/11/15-03:52:30.182063 7f9552fda700        Options.write_buffer_size: 134217728
2018/11/15-03:52:30.182064 7f9552fda700  Options.max_write_buffer_number: 24
2018/11/15-03:52:30.182065 7f9552fda700        Options.compression[0]: NoCompression
2018/11/15-03:52:30.182066 7f9552fda700        Options.compression[1]: NoCompression
2018/11/15-03:52:30.182067 7f9552fda700        Options.compression[2]: LZ4
2018/11/15-03:52:30.182068 7f9552fda700        Options.compression[3]: LZ4
2018/11/15-03:52:30.182069 7f9552fda700        Options.compression[4]: LZ4
2018/11/15-03:52:30.182070 7f9552fda700        Options.compression[5]: LZ4
2018/11/15-03:52:30.182071 7f9552fda700        Options.compression[6]: LZ4
2018/11/15-03:52:30.182071 7f9552fda700                  Options.bottommost_compression: Disabled
2018/11/15-03:52:30.182072 7f9552fda700       Options.prefix_extractor: nullptr
2018/11/15-03:52:30.182073 7f9552fda700   Options.memtable_insert_with_hint_prefix_extractor: nullptr
2018/11/15-03:52:30.182074 7f9552fda700             Options.num_levels: 7
2018/11/15-03:52:30.182075 7f9552fda700        Options.min_write_buffer_number_to_merge: 2
2018/11/15-03:52:30.182076 7f9552fda700     Options.max_write_buffer_number_to_maintain: 0
2018/11/15-03:52:30.182077 7f9552fda700            Options.compression_opts.window_bits: -14
2018/11/15-03:52:30.182078 7f9552fda700                  Options.compression_opts.level: -1
2018/11/15-03:52:30.182079 7f9552fda700               Options.compression_opts.strategy: 0
2018/11/15-03:52:30.182079 7f9552fda700         Options.compression_opts.max_dict_bytes: 0
2018/11/15-03:52:30.182080 7f9552fda700         Options.compression_opts.zstd_max_train_bytes: 0
2018/11/15-03:52:30.182081 7f9552fda700      Options.level0_file_num_compaction_trigger: 2
2018/11/15-03:52:30.182082 7f9552fda700          Options.level0_slowdown_writes_trigger: 20
2018/11/15-03:52:30.182083 7f9552fda700              Options.level0_stop_writes_trigger: 36
2018/11/15-03:52:30.182084 7f9552fda700                   Options.target_file_size_base: 67108864
2018/11/15-03:52:30.182085 7f9552fda700             Options.target_file_size_multiplier: 1
2018/11/15-03:52:30.182086 7f9552fda700                Options.max_bytes_for_level_base: 536870912
2018/11/15-03:52:30.182086 7f9552fda700 Options.level_compaction_dynamic_level_bytes: 0
2018/11/15-03:52:30.182087 7f9552fda700          Options.max_bytes_for_level_multiplier: 10.000000
2018/11/15-03:52:30.182090 7f9552fda700 Options.max_bytes_for_level_multiplier_addtl[0]: 1
2018/11/15-03:52:30.182091 7f9552fda700 Options.max_bytes_for_level_multiplier_addtl[1]: 1
2018/11/15-03:52:30.182092 7f9552fda700 Options.max_bytes_for_level_multiplier_addtl[2]: 1
2018/11/15-03:52:30.182100 7f9552fda700 Options.max_bytes_for_level_multiplier_addtl[3]: 1
2018/11/15-03:52:30.182102 7f9552fda700 Options.max_bytes_for_level_multiplier_addtl[4]: 1
2018/11/15-03:52:30.182102 7f9552fda700 Options.max_bytes_for_level_multiplier_addtl[5]: 1
2018/11/15-03:52:30.182103 7f9552fda700 Options.max_bytes_for_level_multiplier_addtl[6]: 1
2018/11/15-03:52:30.182104 7f9552fda700       Options.max_sequential_skip_in_iterations: 8
2018/11/15-03:52:30.182105 7f9552fda700                    Options.max_compaction_bytes: 1677721600
2018/11/15-03:52:30.182106 7f9552fda700                        Options.arena_block_size: 16777216
2018/11/15-03:52:30.182107 7f9552fda700   Options.soft_pending_compaction_bytes_limit: 68719476736
2018/11/15-03:52:30.182108 7f9552fda700   Options.hard_pending_compaction_bytes_limit: 274877906944
2018/11/15-03:52:30.182109 7f9552fda700       Options.rate_limit_delay_max_milliseconds: 100
2018/11/15-03:52:30.182109 7f9552fda700                Options.disable_auto_compactions: 0
2018/11/15-03:52:30.182111 7f9552fda700                        Options.compaction_style: kCompactionStyleLevel
2018/11/15-03:52:30.182112 7f9552fda700                          Options.compaction_pri: kByCompensatedSize
2018/11/15-03:52:30.182113 7f9552fda700 Options.compaction_options_universal.size_ratio: 1
2018/11/15-03:52:30.182114 7f9552fda700 Options.compaction_options_universal.min_merge_width: 2
2018/11/15-03:52:30.182115 7f9552fda700 Options.compaction_options_universal.max_merge_width: 4294967295
2018/11/15-03:52:30.182116 7f9552fda700 Options.compaction_options_universal.max_size_amplification_percent: 200
2018/11/15-03:52:30.182116 7f9552fda700 Options.compaction_options_universal.compression_size_percent: -1
2018/11/15-03:52:30.182118 7f9552fda700 Options.compaction_options_universal.stop_style: kCompactionStopStyleTotalSize
2018/11/15-03:52:30.182119 7f9552fda700 Options.compaction_options_fifo.max_table_files_size: 1073741824
2018/11/15-03:52:30.182120 7f9552fda700 Options.compaction_options_fifo.allow_compaction: 0
2018/11/15-03:52:30.182121 7f9552fda700 Options.compaction_options_fifo.ttl: 0
2018/11/15-03:52:30.182121 7f9552fda700                   Options.table_properties_collectors: 
2018/11/15-03:52:30.182122 7f9552fda700                   Options.inplace_update_support: 0
2018/11/15-03:52:30.182123 7f9552fda700                 Options.inplace_update_num_locks: 10000
2018/11/15-03:52:30.182124 7f9552fda700               Options.memtable_prefix_bloom_size_ratio: 0.000000
2018/11/15-03:52:30.182126 7f9552fda700   Options.memtable_huge_page_size: 0
2018/11/15-03:52:30.182127 7f9552fda700                           Options.bloom_locality: 0
2018/11/15-03:52:30.182128 7f9552fda700                    Options.max_successive_merges: 0
2018/11/15-03:52:30.182128 7f9552fda700                Options.optimize_filters_for_hits: 0
2018/11/15-03:52:30.182129 7f9552fda700                Options.paranoid_file_checks: 0
2018/11/15-03:52:30.182130 7f9552fda700                Options.force_consistency_checks: 0
2018/11/15-03:52:30.182131 7f9552fda700                Options.report_bg_io_stats: 0
2018/11/15-03:52:30.182132 7f9552fda700                               Options.ttl: 0
2018/11/15-03:52:30.182514 7f9552fda700 [db/column_family.cc:475] --------------- Options for column family [usertable]:
2018/11/15-03:52:30.182517 7f9552fda700               Options.comparator: leveldb.BytewiseComparator
2018/11/15-03:52:30.182518 7f9552fda700           Options.merge_operator: None
2018/11/15-03:52:30.182519 7f9552fda700        Options.compaction_filter: None
2018/11/15-03:52:30.182520 7f9552fda700        Options.compaction_filter_factory: None
2018/11/15-03:52:30.182521 7f9552fda700         Options.memtable_factory: SkipListFactory
2018/11/15-03:52:30.182522 7f9552fda700            Options.table_factory: BlockBasedTable
2018/11/15-03:52:30.182547 7f9552fda700            table_factory options:   flush_block_policy_factory: FlushBlockBySizePolicyFactory (0x7f94ac380770)
  cache_index_and_filter_blocks: 0
  cache_index_and_filter_blocks_with_high_priority: 0
  pin_l0_filter_and_index_blocks_in_cache: 0
  index_type: 0
  hash_index_allow_collision: 1
  checksum: 1
  no_block_cache: 0
  block_cache: 0x7f94ac3812d0
  block_cache_name: LRUCache
  block_cache_options:
    capacity : 8388608
    num_shard_bits : 4
    strict_capacity_limit : 0
    high_pri_pool_ratio: 0.000
  block_cache_compressed: (nil)
  persistent_cache: (nil)
  block_size: 8192
  block_size_deviation: 10
  block_restart_interval: 16
  index_block_restart_interval: 1
  metadata_block_size: 4096
  partition_filters: 0
  use_delta_encoding: 1
  filter_policy: nullptr
  whole_key_filtering: 1
  verify_compression: 0
  read_amp_bytes_per_bit: 0
  format_version: 2
  enable_index_compression: 1
  block_align: 0
2018/11/15-03:52:30.182559 7f9552fda700        Options.write_buffer_size: 134217728
2018/11/15-03:52:30.182561 7f9552fda700  Options.max_write_buffer_number: 24
2018/11/15-03:52:30.182562 7f9552fda700        Options.compression[0]: NoCompression
2018/11/15-03:52:30.182563 7f9552fda700        Options.compression[1]: NoCompression
2018/11/15-03:52:30.182564 7f9552fda700        Options.compression[2]: LZ4
2018/11/15-03:52:30.182565 7f9552fda700        Options.compression[3]: LZ4
2018/11/15-03:52:30.182566 7f9552fda700        Options.compression[4]: LZ4
2018/11/15-03:52:30.182566 7f9552fda700        Options.compression[5]: LZ4
2018/11/15-03:52:30.182567 7f9552fda700        Options.compression[6]: LZ4
2018/11/15-03:52:30.182568 7f9552fda700                  Options.bottommost_compression: Disabled
2018/11/15-03:52:30.182569 7f9552fda700       Options.prefix_extractor: nullptr
2018/11/15-03:52:30.182570 7f9552fda700   Options.memtable_insert_with_hint_prefix_extractor: nullptr
2018/11/15-03:52:30.182571 7f9552fda700             Options.num_levels: 7
2018/11/15-03:52:30.182572 7f9552fda700        Options.min_write_buffer_number_to_merge: 2
2018/11/15-03:52:30.182573 7f9552fda700     Options.max_write_buffer_number_to_maintain: 0
2018/11/15-03:52:30.182573 7f9552fda700            Options.compression_opts.window_bits: -14
2018/11/15-03:52:30.182574 7f9552fda700                  Options.compression_opts.level: -1
2018/11/15-03:52:30.182575 7f9552fda700               Options.compression_opts.strategy: 0
2018/11/15-03:52:30.182576 7f9552fda700         Options.compression_opts.max_dict_bytes: 0
2018/11/15-03:52:30.182577 7f9552fda700         Options.compression_opts.zstd_max_train_bytes: 0
2018/11/15-03:52:30.182578 7f9552fda700      Options.level0_file_num_compaction_trigger: 2
2018/11/15-03:52:30.182579 7f9552fda700          Options.level0_slowdown_writes_trigger: 20
2018/11/15-03:52:30.182579 7f9552fda700              Options.level0_stop_writes_trigger: 36
2018/11/15-03:52:30.182580 7f9552fda700                   Options.target_file_size_base: 67108864
2018/11/15-03:52:30.182581 7f9552fda700             Options.target_file_size_multiplier: 1
2018/11/15-03:52:30.182582 7f9552fda700                Options.max_bytes_for_level_base: 536870912
2018/11/15-03:52:30.182583 7f9552fda700 Options.level_compaction_dynamic_level_bytes: 0
2018/11/15-03:52:30.182584 7f9552fda700          Options.max_bytes_for_level_multiplier: 10.000000
2018/11/15-03:52:30.182586 7f9552fda700 Options.max_bytes_for_level_multiplier_addtl[0]: 1
2018/11/15-03:52:30.182587 7f9552fda700 Options.max_bytes_for_level_multiplier_addtl[1]: 1
2018/11/15-03:52:30.182588 7f9552fda700 Options.max_bytes_for_level_multiplier_addtl[2]: 1
2018/11/15-03:52:30.182588 7f9552fda700 Options.max_bytes_for_level_multiplier_addtl[3]: 1
2018/11/15-03:52:30.182589 7f9552fda700 Options.max_bytes_for_level_multiplier_addtl[4]: 1
2018/11/15-03:52:30.182590 7f9552fda700 Options.max_bytes_for_level_multiplier_addtl[5]: 1
2018/11/15-03:52:30.182591 7f9552fda700 Options.max_bytes_for_level_multiplier_addtl[6]: 1
2018/11/15-03:52:30.182592 7f9552fda700       Options.max_sequential_skip_in_iterations: 8
2018/11/15-03:52:30.182593 7f9552fda700                    Options.max_compaction_bytes: 1677721600
2018/11/15-03:52:30.182601 7f9552fda700                        Options.arena_block_size: 16777216
2018/11/15-03:52:30.182602 7f9552fda700   Options.soft_pending_compaction_bytes_limit: 68719476736
2018/11/15-03:52:30.182603 7f9552fda700   Options.hard_pending_compaction_bytes_limit: 274877906944
2018/11/15-03:52:30.182604 7f9552fda700       Options.rate_limit_delay_max_milliseconds: 100
2018/11/15-03:52:30.182605 7f9552fda700                Options.disable_auto_compactions: 0
2018/11/15-03:52:30.182606 7f9552fda700                        Options.compaction_style: kCompactionStyleLevel
2018/11/15-03:52:30.182607 7f9552fda700                          Options.compaction_pri: kByCompensatedSize
2018/11/15-03:52:30.182608 7f9552fda700 Options.compaction_options_universal.size_ratio: 1
2018/11/15-03:52:30.182609 7f9552fda700 Options.compaction_options_universal.min_merge_width: 2
2018/11/15-03:52:30.182610 7f9552fda700 Options.compaction_options_universal.max_merge_width: 4294967295
2018/11/15-03:52:30.182611 7f9552fda700 Options.compaction_options_universal.max_size_amplification_percent: 200
2018/11/15-03:52:30.182611 7f9552fda700 Options.compaction_options_universal.compression_size_percent: -1
2018/11/15-03:52:30.182612 7f9552fda700 Options.compaction_options_universal.stop_style: kCompactionStopStyleTotalSize
2018/11/15-03:52:30.182613 7f9552fda700 Options.compaction_options_fifo.max_table_files_size: 1073741824
2018/11/15-03:52:30.182614 7f9552fda700 Options.compaction_options_fifo.allow_compaction: 0
2018/11/15-03:52:30.182615 7f9552fda700 Options.compaction_options_fifo.ttl: 0
2018/11/15-03:52:30.182616 7f9552fda700                   Options.table_properties_collectors: 
2018/11/15-03:52:30.182617 7f9552fda700                   Options.inplace_update_support: 0
2018/11/15-03:52:30.182618 7f9552fda700                 Options.inplace_update_num_locks: 10000
2018/11/15-03:52:30.182619 7f9552fda700               Options.memtable_prefix_bloom_size_ratio: 0.000000
2018/11/15-03:52:30.182620 7f9552fda700   Options.memtable_huge_page_size: 0
2018/11/15-03:52:30.182621 7f9552fda700                           Options.bloom_locality: 0
2018/11/15-03:52:30.182622 7f9552fda700                    Options.max_successive_merges: 0
2018/11/15-03:52:30.182623 7f9552fda700                Options.optimize_filters_for_hits: 0
2018/11/15-03:52:30.182623 7f9552fda700                Options.paranoid_file_checks: 0
2018/11/15-03:52:30.182624 7f9552fda700                Options.force_consistency_checks: 0
2018/11/15-03:52:30.182625 7f9552fda700                Options.report_bg_io_stats: 0
2018/11/15-03:52:30.182626 7f9552fda700                               Options.ttl: 0
2018/11/15-03:52:30.350980 7f9552fda700 [db/version_set.cc:3361] Recovered from manifest file:/mnt/sdb/ycsb-rocksdb-data/MANIFEST-000004 succeeded,manifest_file_number is 4, next_file_number is 360, last_sequence is 3839741, log_number is 0,prev_log_number is 0,max_column_family is 1,min_log_number_to_keep is 0
2018/11/15-03:52:30.350990 7f9552fda700 [db/version_set.cc:3369] Column family [default] (ID 0), log number is 0
2018/11/15-03:52:30.350992 7f9552fda700 [db/version_set.cc:3369] Column family [usertable] (ID 1), log number is 296
2018/11/15-03:52:30.351543 7f9552fda700 EVENT_LOG_v1 {"time_micros": 1542282750351527, "job": 1, "event": "recovery_started", "log_files": [296, 300, 301, 303, 306, 308, 315, 324, 326, 328, 329, 333, 334, 336, 343, 345, 349, 351, 352, 355, 359, 361]}
2018/11/15-03:52:30.351549 7f9552fda700 [db/db_impl_open.cc:551] Recovering log #296 mode 2
2018/11/15-03:52:30.674855 7f9552fda700 [db/db_impl_open.cc:551] Recovering log #300 mode 2
2018/11/15-03:52:31.211989 7f9552fda700 EVENT_LOG_v1 {"time_micros": 1542282751211967, "cf_name": "usertable", "job": 1, "event": "table_file_creation", "file_number": 360, "file_size": 129902321, "table_properties": {"data_size": 129321392, "index_size": 580007, "filter_size": 0, "raw_key_size": 752760, "raw_average_key_size": 24, "raw_value_size": 128471040, "raw_average_value_size": 4096, "num_data_blocks": 15683, "num_entries": 31365, "filter_policy_name": "", "kDeletedKeys": "0", "kMergeOperands": "0"}}
2018/11/15-03:52:31.538017 7f9552fda700 [db/db_impl_open.cc:551] Recovering log #301 mode 2
2018/11/15-03:52:32.653705 7f9552fda700 EVENT_LOG_v1 {"time_micros": 1542282752653685, "cf_name": "usertable", "job": 1, "event": "table_file_creation", "file_number": 361, "file_size": 129899460, "table_properties": {"data_size": 129322018, "index_size": 576520, "filter_size": 0, "raw_key_size": 752784, "raw_average_key_size": 24, "raw_value_size": 128475136, "raw_average_value_size": 4096, "num_data_blocks": 15683, "num_entries": 31366, "filter_policy_name": "", "kDeletedKeys": "0", "kMergeOperands": "0"}}
2018/11/15-03:52:33.687685 7f9552fda700 [db/db_impl_open.cc:551] Recovering log #303 mode 2
2018/11/15-03:52:35.107169 7f9552fda700 EVENT_LOG_v1 {"time_micros": 1542282755107148, "cf_name": "usertable", "job": 1, "event": "table_file_creation", "file_number": 362, "file_size": 129903636, "table_properties": {"data_size": 129326155, "index_size": 576559, "filter_size": 0, "raw_key_size": 752808, "raw_average_key_size": 24, "raw_value_size": 128479232, "raw_average_value_size": 4096, "num_data_blocks": 15684, "num_entries": 31367, "filter_policy_name": "", "kDeletedKeys": "0", "kMergeOperands": "0"}}
2018/11/15-03:52:35.395255 7f9552fda700 [db/db_impl_open.cc:551] Recovering log #306 mode 2
2018/11/15-03:52:37.162137 7f9552fda700 EVENT_LOG_v1 {"time_micros": 1542282757162116, "cf_name": "usertable", "job": 1, "event": "table_file_creation", "file_number": 363, "file_size": 129902321, "table_properties": {"data_size": 129321392, "index_size": 580007, "filter_size": 0, "raw_key_size": 752760, "raw_average_key_size": 24, "raw_value_size": 128471040, "raw_average_value_size": 4096, "num_data_blocks": 15683, "num_entries": 31365, "filter_policy_name": "", "kDeletedKeys": "0", "kMergeOperands": "0"}}
2018/11/15-03:52:37.901007 7f9552fda700 [db/db_impl_open.cc:551] Recovering log #308 mode 2
2018/11/15-03:52:40.234189 7f9552fda700 EVENT_LOG_v1 {"time_micros": 1542282760234167, "cf_name": "usertable", "job": 1, "event": "table_file_creation", "file_number": 364, "file_size": 129903633, "table_properties": {"data_size": 129326155, "index_size": 576556, "filter_size": 0, "raw_key_size": 752808, "raw_average_key_size": 24, "raw_value_size": 128479232, "raw_average_value_size": 4096, "num_data_blocks": 15684, "num_entries": 31367, "filter_policy_name": "", "kDeletedKeys": "0", "kMergeOperands": "0"}}
2018/11/15-03:52:40.502006 7f9552fda700 [db/db_impl_open.cc:551] Recovering log #315 mode 2
2018/11/15-03:52:42.257169 7f9552fda700 EVENT_LOG_v1 {"time_micros": 1542282762257149, "cf_name": "usertable", "job": 1, "event": "table_file_creation", "file_number": 365, "file_size": 129906431, "table_properties": {"data_size": 129325502, "index_size": 580007, "filter_size": 0, "raw_key_size": 752784, "raw_average_key_size": 24, "raw_value_size": 128475136, "raw_average_value_size": 4096, "num_data_blocks": 15683, "num_entries": 31366, "filter_policy_name": "", "kDeletedKeys": "0", "kMergeOperands": "0"}}
2018/11/15-03:52:42.968111 7f9552fda700 [db/db_impl_open.cc:551] Recovering log #324 mode 2
2018/11/15-03:52:45.102181 7f9552fda700 EVENT_LOG_v1 {"time_micros": 1542282765102160, "cf_name": "usertable", "job": 1, "event": "table_file_creation", "file_number": 366, "file_size": 129918888, "table_properties": {"data_size": 129337885, "index_size": 580081, "filter_size": 0, "raw_key_size": 752856, "raw_average_key_size": 24, "raw_value_size": 128487424, "raw_average_value_size": 4096, "num_data_blocks": 15685, "num_entries": 31369, "filter_policy_name": "", "kDeletedKeys": "0", "kMergeOperands": "0"}}
2018/11/15-03:52:45.540315 7f9552fda700 [db/db_impl_open.cc:551] Recovering log #326 mode 2
2018/11/15-03:52:47.563406 7f9552fda700 EVENT_LOG_v1 {"time_micros": 1542282767563385, "cf_name": "usertable", "job": 1, "event": "table_file_creation", "file_number": 367, "file_size": 129895351, "table_properties": {"data_size": 129317909, "index_size": 576520, "filter_size": 0, "raw_key_size": 752760, "raw_average_key_size": 24, "raw_value_size": 128471040, "raw_average_value_size": 4096, "num_data_blocks": 15683, "num_entries": 31365, "filter_policy_name": "", "kDeletedKeys": "0", "kMergeOperands": "0"}}
2018/11/15-03:52:48.227908 7f9552fda700 [db/db_impl_open.cc:551] Recovering log #328 mode 2
2018/11/15-03:52:50.358083 7f9552fda700 EVENT_LOG_v1 {"time_micros": 1542282770358061, "cf_name": "usertable", "job": 1, "event": "table_file_creation", "file_number": 368, "file_size": 129902322, "table_properties": {"data_size": 129321393, "index_size": 580007, "filter_size": 0, "raw_key_size": 752760, "raw_average_key_size": 24, "raw_value_size": 128471040, "raw_average_value_size": 4096, "num_data_blocks": 15683, "num_entries": 31365, "filter_policy_name": "", "kDeletedKeys": "0", "kMergeOperands": "0"}}
2018/11/15-03:52:50.591923 7f9552fda700 [db/db_impl_open.cc:551] Recovering log #329 mode 2
2018/11/15-03:52:53.357602 7f9552fda700 EVENT_LOG_v1 {"time_micros": 1542282773357582, "cf_name": "usertable", "job": 1, "event": "table_file_creation", "file_number": 369, "file_size": 129895354, "table_properties": {"data_size": 129317909, "index_size": 576523, "filter_size": 0, "raw_key_size": 752760, "raw_average_key_size": 24, "raw_value_size": 128471040, "raw_average_value_size": 4096, "num_data_blocks": 15683, "num_entries": 31365, "filter_policy_name": "", "kDeletedKeys": "0", "kMergeOperands": "0"}}
2018/11/15-03:52:53.983726 7f9552fda700 [db/db_impl_open.cc:551] Recovering log #333 mode 2
2018/11/15-03:52:55.450238 7f9552fda700 EVENT_LOG_v1 {"time_micros": 1542282775450206, "cf_name": "usertable", "job": 1, "event": "table_file_creation", "file_number": 370, "file_size": 129906432, "table_properties": {"data_size": 129325503, "index_size": 580007, "filter_size": 0, "raw_key_size": 752784, "raw_average_key_size": 24, "raw_value_size": 128475136, "raw_average_value_size": 4096, "num_data_blocks": 15683, "num_entries": 31366, "filter_policy_name": "", "kDeletedKeys": "0", "kMergeOperands": "0"}}
2018/11/15-03:52:55.671231 7f9552fda700 [db/db_impl_open.cc:551] Recovering log #334 mode 2
2018/11/15-03:52:58.783380 7f9552fda700 EVENT_LOG_v1 {"time_micros": 1542282778783359, "cf_name": "usertable", "job": 1, "event": "table_file_creation", "file_number": 371, "file_size": 129906433, "table_properties": {"data_size": 129325504, "index_size": 580007, "filter_size": 0, "raw_key_size": 752784, "raw_average_key_size": 24, "raw_value_size": 128475136, "raw_average_value_size": 4096, "num_data_blocks": 15683, "num_entries": 31366, "filter_policy_name": "", "kDeletedKeys": "0", "kMergeOperands": "0"}}
2018/11/15-03:52:59.365660 7f9552fda700 [db/db_impl_open.cc:551] Recovering log #336 mode 2
2018/11/15-03:53:01.784293 7f9552fda700 EVENT_LOG_v1 {"time_micros": 1542282781784274, "cf_name": "usertable", "job": 1, "event": "table_file_creation", "file_number": 372, "file_size": 129910607, "table_properties": {"data_size": 129329641, "index_size": 580044, "filter_size": 0, "raw_key_size": 752808, "raw_average_key_size": 24, "raw_value_size": 128479232, "raw_average_value_size": 4096, "num_data_blocks": 15684, "num_entries": 31367, "filter_policy_name": "", "kDeletedKeys": "0", "kMergeOperands": "0"}}
2018/11/15-03:53:02.356120 7f9552fda700 [db/db_impl_open.cc:551] Recovering log #343 mode 2
2018/11/15-03:53:04.536650 7f9552fda700 EVENT_LOG_v1 {"time_micros": 1542282784536632, "cf_name": "usertable", "job": 1, "event": "table_file_creation", "file_number": 373, "file_size": 129895354, "table_properties": {"data_size": 129317909, "index_size": 576523, "filter_size": 0, "raw_key_size": 752760, "raw_average_key_size": 24, "raw_value_size": 128471040, "raw_average_value_size": 4096, "num_data_blocks": 15683, "num_entries": 31365, "filter_policy_name": "", "kDeletedKeys": "0", "kMergeOperands": "0"}}
2018/11/15-03:53:04.917052 7f9552fda700 [db/db_impl_open.cc:551] Recovering log #345 mode 2
2018/11/15-03:53:06.089901 7f9552fda700 EVENT_LOG_v1 {"time_micros": 1542282786089880, "cf_name": "usertable", "job": 1, "event": "table_file_creation", "file_number": 374, "file_size": 129906433, "table_properties": {"data_size": 129325504, "index_size": 580007, "filter_size": 0, "raw_key_size": 752784, "raw_average_key_size": 24, "raw_value_size": 128475136, "raw_average_value_size": 4096, "num_data_blocks": 15683, "num_entries": 31366, "filter_policy_name": "", "kDeletedKeys": "0", "kMergeOperands": "0"}}
2018/11/15-03:53:06.616590 7f9552fda700 [db/db_impl_open.cc:551] Recovering log #349 mode 2
2018/11/15-03:53:09.688396 7f9552fda700 EVENT_LOG_v1 {"time_micros": 1542282789688375, "cf_name": "usertable", "job": 1, "event": "table_file_creation", "file_number": 375, "file_size": 129902322, "table_properties": {"data_size": 129321393, "index_size": 580007, "filter_size": 0, "raw_key_size": 752760, "raw_average_key_size": 24, "raw_value_size": 128471040, "raw_average_value_size": 4096, "num_data_blocks": 15683, "num_entries": 31365, "filter_policy_name": "", "kDeletedKeys": "0", "kMergeOperands": "0"}}
2018/11/15-03:53:09.915560 7f9552fda700 [db/db_impl_open.cc:551] Recovering log #351 mode 2
2018/11/15-03:53:11.238594 7f9552fda700 EVENT_LOG_v1 {"time_micros": 1542282791238573, "cf_name": "usertable", "job": 1, "event": "table_file_creation", "file_number": 376, "file_size": 129899462, "table_properties": {"data_size": 129322018, "index_size": 576522, "filter_size": 0, "raw_key_size": 752784, "raw_average_key_size": 24, "raw_value_size": 128475136, "raw_average_value_size": 4096, "num_data_blocks": 15683, "num_entries": 31366, "filter_policy_name": "", "kDeletedKeys": "0", "kMergeOperands": "0"}}
2018/11/15-03:53:11.722504 7f9552fda700 [db/db_impl_open.cc:551] Recovering log #352 mode 2
2018/11/15-03:53:13.713760 7f9552fda700 EVENT_LOG_v1 {"time_micros": 1542282793713739, "cf_name": "usertable", "job": 1, "event": "table_file_creation", "file_number": 377, "file_size": 129895354, "table_properties": {"data_size": 129317909, "index_size": 576523, "filter_size": 0, "raw_key_size": 752760, "raw_average_key_size": 24, "raw_value_size": 128471040, "raw_average_value_size": 4096, "num_data_blocks": 15683, "num_entries": 31365, "filter_policy_name": "", "kDeletedKeys": "0", "kMergeOperands": "0"}}
2018/11/15-03:53:14.177077 7f9552fda700 [db/db_impl_open.cc:551] Recovering log #355 mode 2
2018/11/15-03:53:16.208312 7f9552fda700 EVENT_LOG_v1 {"time_micros": 1542282796208291, "cf_name": "usertable", "job": 1, "event": "table_file_creation", "file_number": 378, "file_size": 129906433, "table_properties": {"data_size": 129325504, "index_size": 580007, "filter_size": 0, "raw_key_size": 752784, "raw_average_key_size": 24, "raw_value_size": 128475136, "raw_average_value_size": 4096, "num_data_blocks": 15683, "num_entries": 31366, "filter_policy_name": "", "kDeletedKeys": "0", "kMergeOperands": "0"}}
2018/11/15-03:53:16.664558 7f9552fda700 [db/db_impl_open.cc:551] Recovering log #359 mode 2
2018/11/15-03:53:18.268151 7f9552fda700 EVENT_LOG_v1 {"time_micros": 1542282798268129, "cf_name": "usertable", "job": 1, "event": "table_file_creation", "file_number": 379, "file_size": 129906433, "table_properties": {"data_size": 129325504, "index_size": 580007, "filter_size": 0, "raw_key_size": 752784, "raw_average_key_size": 24, "raw_value_size": 128475136, "raw_average_value_size": 4096, "num_data_blocks": 15683, "num_entries": 31366, "filter_policy_name": "", "kDeletedKeys": "0", "kMergeOperands": "0"}}
2018/11/15-03:53:18.414263 7f9552fda700 [db/db_impl_open.cc:551] Recovering log #361 mode 2
2018/11/15-03:53:20.269545 7f9552fda700 EVENT_LOG_v1 {"time_micros": 1542282800269520, "cf_name": "usertable", "job": 1, "event": "table_file_creation", "file_number": 380, "file_size": 129902322, "table_properties": {"data_size": 129321393, "index_size": 580007, "filter_size": 0, "raw_key_size": 752760, "raw_average_key_size": 24, "raw_value_size": 128471040, "raw_average_value_size": 4096, "num_data_blocks": 15683, "num_entries": 31365, "filter_policy_name": "", "kDeletedKeys": "0", "kMergeOperands": "0"}}
2018/11/15-03:53:20.414849 7f9552fda700 [db/version_set.cc:2847] Creating manifest 381
2018/11/15-03:53:21.162284 7f9552fda700 EVENT_LOG_v1 {"time_micros": 1542282801162263, "cf_name": "usertable", "job": 1, "event": "table_file_creation", "file_number": 382, "file_size": 20140264, "table_properties": {"data_size": 20050163, "index_size": 89180, "filter_size": 0, "raw_key_size": 116712, "raw_average_key_size": 24, "raw_value_size": 19918848, "raw_average_value_size": 4096, "num_data_blocks": 2432, "num_entries": 4863, "filter_policy_name": "", "kDeletedKeys": "0", "kMergeOperands": "0"}}
2018/11/15-03:53:21.301551 7f9552fda700 EVENT_LOG_v1 {"time_micros": 1542282801301548, "job": 1, "event": "recovery_finished"}
2018/11/15-03:53:21.301781 7f9552fda700 [WARN] [db/column_family.cc:799] [usertable] Stalling writes because we have 29 level-0 files rate 16777216
2018/11/15-03:53:21.807843 7f9552fda700 [db/db_impl_open.cc:1219] DB pointer 0x7f94ac3be830
2018/11/15-03:53:21.808361 7f9530ff9700 [WARN] [db/db_impl.cc:491] ------- DUMPING STATS -------
2018/11/15-03:53:21.808411 7f9530ff9700 [WARN] [db/db_impl.cc:492] 
** DB Stats **
Uptime(secs): 51.6 total, 51.6 interval
Cumulative writes: 0 writes, 0 keys, 0 commit groups, 0.0 writes per commit group, ingest: 0.00 GB, 0.00 MB/s
Cumulative WAL: 0 writes, 0 syncs, 0.00 writes per sync, written: 0.00 GB, 0.00 MB/s
Cumulative stall: 00:00:0.000 H:M:S, 0.0 percent
Interval writes: 0 writes, 0 keys, 0 commit groups, 0.0 writes per commit group, ingest: 0.00 MB, 0.00 MB/s
Interval WAL: 0 writes, 0 syncs, 0.00 writes per sync, written: 0.00 MB, 0.00 MB/s
Interval stall: 00:00:0.000 H:M:S, 0.0 percent

** Compaction Stats [default] **
Level    Files   Size     Score Read(GB)  Rn(GB) Rnp1(GB) Write(GB) Wnew(GB) Moved(GB) W-Amp Rd(MB/s) Wr(MB/s) Comp(sec) Comp(cnt) Avg(sec) KeyIn KeyDrop
----------------------------------------------------------------------------------------------------------------------------------------------------------
 Sum      0/0    0.00 KB   0.0      0.0     0.0      0.0       0.0      0.0       0.0   0.0      0.0      0.0         0         0    0.000       0      0
 Int      0/0    0.00 KB   0.0      0.0     0.0      0.0       0.0      0.0       0.0   0.0      0.0      0.0         0         0    0.000       0      0
Uptime(secs): 51.6 total, 51.6 interval
Flush(GB): cumulative 0.000, interval 0.000
AddFile(GB): cumulative 0.000, interval 0.000
AddFile(Total Files): cumulative 0, interval 0
AddFile(L0 Files): cumulative 0, interval 0
AddFile(Keys): cumulative 0, interval 0
Cumulative compaction: 0.00 GB write, 0.00 MB/s write, 0.00 GB read, 0.00 MB/s read, 0.0 seconds
Interval compaction: 0.00 GB write, 0.00 MB/s write, 0.00 GB read, 0.00 MB/s read, 0.0 seconds
Stalls(count): 0 level0_slowdown, 0 level0_slowdown_with_compaction, 0 level0_numfiles, 0 level0_numfiles_with_compaction, 0 stop for pending_compaction_bytes, 0 slowdown for pending_compaction_bytes, 0 memtable_compaction, 0 memtable_slowdown, interval 0 total count

** File Read Latency Histogram By Level [default] **

