2018/11/14-20:27:26.478511 7f1ec9ef4700 RocksDB version: 5.14.3
2018/11/14-20:27:26.478587 7f1ec9ef4700 Git sha rocksdb_build_git_sha:
2018/11/14-20:27:26.478590 7f1ec9ef4700 Compile date Oct 15 2018
2018/11/14-20:27:26.478595 7f1ec9ef4700 DB SUMMARY
2018/11/14-20:27:26.479023 7f1ec9ef4700 CURRENT file:  CURRENT
2018/11/14-20:27:26.479025 7f1ec9ef4700 IDENTITY file:  IDENTITY
2018/11/14-20:27:26.479031 7f1ec9ef4700 MANIFEST file:  MANIFEST-000004 size: 9141 Bytes
2018/11/14-20:27:26.479034 7f1ec9ef4700 SST files in /mnt/sdb/ycsb-rocksdb-data dir, Total Num: 44, files: 000014.sst 000026.sst 000029.sst 000054.sst 000059.sst 000060.sst 000061.sst 000062.sst 000065.sst 
2018/11/14-20:27:26.479036 7f1ec9ef4700 Write Ahead Log file in /mnt/sdb/ycsb-rocksdb-data: 000227.log size: 127179132 ; 000229.log size: 125314768 ; 000233.log size: 122801369 ; 000235.log size: 128635060 ; 000236.log size: 123459093 ; 000238.log size: 127092646 ; 000239.log size: 126905181 ; 000241.log size: 28709950 ; 
2018/11/14-20:27:26.479040 7f1ec9ef4700                         Options.error_if_exists: 0
2018/11/14-20:27:26.479041 7f1ec9ef4700                       Options.create_if_missing: 1
2018/11/14-20:27:26.479042 7f1ec9ef4700                         Options.paranoid_checks: 1
2018/11/14-20:27:26.479043 7f1ec9ef4700                                     Options.env: 0x7f1ec95ce3e0
2018/11/14-20:27:26.479044 7f1ec9ef4700                                Options.info_log: 0x7f1e143dbab0
2018/11/14-20:27:26.479044 7f1ec9ef4700                Options.max_file_opening_threads: 16
2018/11/14-20:27:26.479045 7f1ec9ef4700                              Options.statistics: (nil)
2018/11/14-20:27:26.479046 7f1ec9ef4700                               Options.use_fsync: 0
2018/11/14-20:27:26.479047 7f1ec9ef4700                       Options.max_log_file_size: 0
2018/11/14-20:27:26.479048 7f1ec9ef4700                  Options.max_manifest_file_size: 18446744073709551615
2018/11/14-20:27:26.479049 7f1ec9ef4700                   Options.log_file_time_to_roll: 0
2018/11/14-20:27:26.479050 7f1ec9ef4700                       Options.keep_log_file_num: 1000
2018/11/14-20:27:26.479051 7f1ec9ef4700                    Options.recycle_log_file_num: 0
2018/11/14-20:27:26.479052 7f1ec9ef4700                         Options.allow_fallocate: 1
2018/11/14-20:27:26.479053 7f1ec9ef4700                        Options.allow_mmap_reads: 0
2018/11/14-20:27:26.479054 7f1ec9ef4700                       Options.allow_mmap_writes: 0
2018/11/14-20:27:26.479055 7f1ec9ef4700                        Options.use_direct_reads: 0
2018/11/14-20:27:26.479056 7f1ec9ef4700                        Options.use_direct_io_for_flush_and_compaction: 0
2018/11/14-20:27:26.479057 7f1ec9ef4700          Options.create_missing_column_families: 1
2018/11/14-20:27:26.479057 7f1ec9ef4700                              Options.db_log_dir: 
2018/11/14-20:27:26.479058 7f1ec9ef4700                                 Options.wal_dir: /mnt/sdb/ycsb-rocksdb-data
2018/11/14-20:27:26.479059 7f1ec9ef4700                Options.table_cache_numshardbits: 6
2018/11/14-20:27:26.479060 7f1ec9ef4700                      Options.max_subcompactions: 4
2018/11/14-20:27:26.479061 7f1ec9ef4700                  Options.max_background_flushes: 24
2018/11/14-20:27:26.479062 7f1ec9ef4700                         Options.WAL_ttl_seconds: 0
2018/11/14-20:27:26.479063 7f1ec9ef4700                       Options.WAL_size_limit_MB: 0
2018/11/14-20:27:26.479063 7f1ec9ef4700             Options.manifest_preallocation_size: 4194304
2018/11/14-20:27:26.479064 7f1ec9ef4700                     Options.is_fd_close_on_exec: 1
2018/11/14-20:27:26.479065 7f1ec9ef4700                   Options.advise_random_on_open: 1
2018/11/14-20:27:26.479066 7f1ec9ef4700                    Options.db_write_buffer_size: 0
2018/11/14-20:27:26.479067 7f1ec9ef4700                    Options.write_buffer_manager: 0x7f1e143d8750
2018/11/14-20:27:26.479068 7f1ec9ef4700         Options.access_hint_on_compaction_start: 1
2018/11/14-20:27:26.479068 7f1ec9ef4700  Options.new_table_reader_for_compaction_inputs: 0
2018/11/14-20:27:26.479069 7f1ec9ef4700           Options.random_access_max_buffer_size: 1048576
2018/11/14-20:27:26.479081 7f1ec9ef4700                      Options.use_adaptive_mutex: 0
2018/11/14-20:27:26.479083 7f1ec9ef4700                            Options.rate_limiter: (nil)
2018/11/14-20:27:26.479085 7f1ec9ef4700     Options.sst_file_manager.rate_bytes_per_sec: 0
2018/11/14-20:27:26.479086 7f1ec9ef4700                       Options.wal_recovery_mode: 2
2018/11/14-20:27:26.479087 7f1ec9ef4700                  Options.enable_thread_tracking: 0
2018/11/14-20:27:26.479088 7f1ec9ef4700                  Options.enable_pipelined_write: 1
2018/11/14-20:27:26.479088 7f1ec9ef4700         Options.allow_concurrent_memtable_write: 1
2018/11/14-20:27:26.479089 7f1ec9ef4700      Options.enable_write_thread_adaptive_yield: 1
2018/11/14-20:27:26.479090 7f1ec9ef4700             Options.write_thread_max_yield_usec: 100
2018/11/14-20:27:26.479091 7f1ec9ef4700            Options.write_thread_slow_yield_usec: 3
2018/11/14-20:27:26.479092 7f1ec9ef4700                               Options.row_cache: None
2018/11/14-20:27:26.479093 7f1ec9ef4700                              Options.wal_filter: None
2018/11/14-20:27:26.479094 7f1ec9ef4700             Options.avoid_flush_during_recovery: 0
2018/11/14-20:27:26.479094 7f1ec9ef4700             Options.allow_ingest_behind: 0
2018/11/14-20:27:26.479095 7f1ec9ef4700             Options.preserve_deletes: 0
2018/11/14-20:27:26.479096 7f1ec9ef4700             Options.two_write_queues: 0
2018/11/14-20:27:26.479097 7f1ec9ef4700             Options.manual_wal_flush: 0
2018/11/14-20:27:26.479099 7f1ec9ef4700             Options.max_background_jobs: 24
2018/11/14-20:27:26.479100 7f1ec9ef4700             Options.max_background_compactions: 24
2018/11/14-20:27:26.479101 7f1ec9ef4700             Options.avoid_flush_during_shutdown: 0
2018/11/14-20:27:26.479102 7f1ec9ef4700           Options.writable_file_max_buffer_size: 1048576
2018/11/14-20:27:26.479102 7f1ec9ef4700             Options.delayed_write_rate : 16777216
2018/11/14-20:27:26.479103 7f1ec9ef4700             Options.max_total_wal_size: 0
2018/11/14-20:27:26.479104 7f1ec9ef4700             Options.delete_obsolete_files_period_micros: 21600000000
2018/11/14-20:27:26.479105 7f1ec9ef4700                   Options.stats_dump_period_sec: 60
2018/11/14-20:27:26.479106 7f1ec9ef4700                          Options.max_open_files: -1
2018/11/14-20:27:26.479107 7f1ec9ef4700                          Options.bytes_per_sync: 1048576
2018/11/14-20:27:26.479108 7f1ec9ef4700                      Options.wal_bytes_per_sync: 0
2018/11/14-20:27:26.479109 7f1ec9ef4700       Options.compaction_readahead_size: 0
2018/11/14-20:27:26.479110 7f1ec9ef4700 Compression algorithms supported:
2018/11/14-20:27:26.479111 7f1ec9ef4700 	kZSTDNotFinalCompression supported: 1
2018/11/14-20:27:26.479120 7f1ec9ef4700 	kZSTD supported: 1
2018/11/14-20:27:26.479121 7f1ec9ef4700 	kXpressCompression supported: 0
2018/11/14-20:27:26.479122 7f1ec9ef4700 	kLZ4HCCompression supported: 1
2018/11/14-20:27:26.479123 7f1ec9ef4700 	kLZ4Compression supported: 1
2018/11/14-20:27:26.479124 7f1ec9ef4700 	kBZip2Compression supported: 1
2018/11/14-20:27:26.479125 7f1ec9ef4700 	kZlibCompression supported: 1
2018/11/14-20:27:26.479126 7f1ec9ef4700 	kSnappyCompression supported: 1
2018/11/14-20:27:26.479130 7f1ec9ef4700 Fast CRC32 supported: Supported on x86
2018/11/14-20:27:26.479567 7f1ec9ef4700 [db/version_set.cc:3085] Recovering from manifest file: MANIFEST-000004
2018/11/14-20:27:26.479672 7f1ec9ef4700 [db/column_family.cc:475] --------------- Options for column family [default]:
2018/11/14-20:27:26.479676 7f1ec9ef4700               Options.comparator: leveldb.BytewiseComparator
2018/11/14-20:27:26.479678 7f1ec9ef4700           Options.merge_operator: None
2018/11/14-20:27:26.479679 7f1ec9ef4700        Options.compaction_filter: None
2018/11/14-20:27:26.479679 7f1ec9ef4700        Options.compaction_filter_factory: None
2018/11/14-20:27:26.479680 7f1ec9ef4700         Options.memtable_factory: SkipListFactory
2018/11/14-20:27:26.479681 7f1ec9ef4700            Options.table_factory: BlockBasedTable
2018/11/14-20:27:26.479730 7f1ec9ef4700            table_factory options:   flush_block_policy_factory: FlushBlockBySizePolicyFactory (0x7f1e143844f0)
  cache_index_and_filter_blocks: 0
  cache_index_and_filter_blocks_with_high_priority: 0
  pin_l0_filter_and_index_blocks_in_cache: 0
  index_type: 0
  hash_index_allow_collision: 1
  checksum: 1
  no_block_cache: 0
  block_cache: 0x7f1e1438de30
  block_cache_name: LRUCache
  block_cache_options:
    capacity : 8388608
    num_shard_bits : 4
    strict_capacity_limit : 0
    high_pri_pool_ratio: 0.000
  block_cache_compressed: (nil)
  persistent_cache: (nil)
  block_size: 8192
  block_size_deviation: 10
  block_restart_interval: 16
  index_block_restart_interval: 1
  metadata_block_size: 4096
  partition_filters: 0
  use_delta_encoding: 1
  filter_policy: nullptr
  whole_key_filtering: 1
  verify_compression: 0
  read_amp_bytes_per_bit: 0
  format_version: 2
  enable_index_compression: 1
  block_align: 0
2018/11/14-20:27:26.479732 7f1ec9ef4700        Options.write_buffer_size: 134217728
2018/11/14-20:27:26.479733 7f1ec9ef4700  Options.max_write_buffer_number: 24
2018/11/14-20:27:26.479734 7f1ec9ef4700        Options.compression[0]: NoCompression
2018/11/14-20:27:26.479736 7f1ec9ef4700        Options.compression[1]: NoCompression
2018/11/14-20:27:26.479737 7f1ec9ef4700        Options.compression[2]: LZ4
2018/11/14-20:27:26.479738 7f1ec9ef4700        Options.compression[3]: LZ4
2018/11/14-20:27:26.479739 7f1ec9ef4700        Options.compression[4]: LZ4
2018/11/14-20:27:26.479740 7f1ec9ef4700        Options.compression[5]: LZ4
2018/11/14-20:27:26.479740 7f1ec9ef4700        Options.compression[6]: LZ4
2018/11/14-20:27:26.479741 7f1ec9ef4700                  Options.bottommost_compression: Disabled
2018/11/14-20:27:26.479742 7f1ec9ef4700       Options.prefix_extractor: nullptr
2018/11/14-20:27:26.479743 7f1ec9ef4700   Options.memtable_insert_with_hint_prefix_extractor: nullptr
2018/11/14-20:27:26.479744 7f1ec9ef4700             Options.num_levels: 7
2018/11/14-20:27:26.479745 7f1ec9ef4700        Options.min_write_buffer_number_to_merge: 2
2018/11/14-20:27:26.479746 7f1ec9ef4700     Options.max_write_buffer_number_to_maintain: 0
2018/11/14-20:27:26.479747 7f1ec9ef4700            Options.compression_opts.window_bits: -14
2018/11/14-20:27:26.479748 7f1ec9ef4700                  Options.compression_opts.level: -1
2018/11/14-20:27:26.479749 7f1ec9ef4700               Options.compression_opts.strategy: 0
2018/11/14-20:27:26.479749 7f1ec9ef4700         Options.compression_opts.max_dict_bytes: 0
2018/11/14-20:27:26.479751 7f1ec9ef4700         Options.compression_opts.zstd_max_train_bytes: 0
2018/11/14-20:27:26.479751 7f1ec9ef4700      Options.level0_file_num_compaction_trigger: 2
2018/11/14-20:27:26.479752 7f1ec9ef4700          Options.level0_slowdown_writes_trigger: 20
2018/11/14-20:27:26.479753 7f1ec9ef4700              Options.level0_stop_writes_trigger: 36
2018/11/14-20:27:26.479754 7f1ec9ef4700                   Options.target_file_size_base: 67108864
2018/11/14-20:27:26.479755 7f1ec9ef4700             Options.target_file_size_multiplier: 1
2018/11/14-20:27:26.479756 7f1ec9ef4700                Options.max_bytes_for_level_base: 536870912
2018/11/14-20:27:26.479757 7f1ec9ef4700 Options.level_compaction_dynamic_level_bytes: 0
2018/11/14-20:27:26.479757 7f1ec9ef4700          Options.max_bytes_for_level_multiplier: 10.000000
2018/11/14-20:27:26.479760 7f1ec9ef4700 Options.max_bytes_for_level_multiplier_addtl[0]: 1
2018/11/14-20:27:26.479762 7f1ec9ef4700 Options.max_bytes_for_level_multiplier_addtl[1]: 1
2018/11/14-20:27:26.479763 7f1ec9ef4700 Options.max_bytes_for_level_multiplier_addtl[2]: 1
2018/11/14-20:27:26.479763 7f1ec9ef4700 Options.max_bytes_for_level_multiplier_addtl[3]: 1
2018/11/14-20:27:26.479764 7f1ec9ef4700 Options.max_bytes_for_level_multiplier_addtl[4]: 1
2018/11/14-20:27:26.479765 7f1ec9ef4700 Options.max_bytes_for_level_multiplier_addtl[5]: 1
2018/11/14-20:27:26.479766 7f1ec9ef4700 Options.max_bytes_for_level_multiplier_addtl[6]: 1
2018/11/14-20:27:26.479774 7f1ec9ef4700       Options.max_sequential_skip_in_iterations: 8
2018/11/14-20:27:26.479776 7f1ec9ef4700                    Options.max_compaction_bytes: 1677721600
2018/11/14-20:27:26.479777 7f1ec9ef4700                        Options.arena_block_size: 16777216
2018/11/14-20:27:26.479777 7f1ec9ef4700   Options.soft_pending_compaction_bytes_limit: 68719476736
2018/11/14-20:27:26.479778 7f1ec9ef4700   Options.hard_pending_compaction_bytes_limit: 274877906944
2018/11/14-20:27:26.479779 7f1ec9ef4700       Options.rate_limit_delay_max_milliseconds: 100
2018/11/14-20:27:26.479780 7f1ec9ef4700                Options.disable_auto_compactions: 0
2018/11/14-20:27:26.479782 7f1ec9ef4700                        Options.compaction_style: kCompactionStyleLevel
2018/11/14-20:27:26.479784 7f1ec9ef4700                          Options.compaction_pri: kByCompensatedSize
2018/11/14-20:27:26.479785 7f1ec9ef4700 Options.compaction_options_universal.size_ratio: 1
2018/11/14-20:27:26.479786 7f1ec9ef4700 Options.compaction_options_universal.min_merge_width: 2
2018/11/14-20:27:26.479787 7f1ec9ef4700 Options.compaction_options_universal.max_merge_width: 4294967295
2018/11/14-20:27:26.479788 7f1ec9ef4700 Options.compaction_options_universal.max_size_amplification_percent: 200
2018/11/14-20:27:26.479789 7f1ec9ef4700 Options.compaction_options_universal.compression_size_percent: -1
2018/11/14-20:27:26.479790 7f1ec9ef4700 Options.compaction_options_universal.stop_style: kCompactionStopStyleTotalSize
2018/11/14-20:27:26.479791 7f1ec9ef4700 Options.compaction_options_fifo.max_table_files_size: 1073741824
2018/11/14-20:27:26.479792 7f1ec9ef4700 Options.compaction_options_fifo.allow_compaction: 0
2018/11/14-20:27:26.479793 7f1ec9ef4700 Options.compaction_options_fifo.ttl: 0
2018/11/14-20:27:26.479794 7f1ec9ef4700                   Options.table_properties_collectors: 
2018/11/14-20:27:26.479795 7f1ec9ef4700                   Options.inplace_update_support: 0
2018/11/14-20:27:26.479796 7f1ec9ef4700                 Options.inplace_update_num_locks: 10000
2018/11/14-20:27:26.479797 7f1ec9ef4700               Options.memtable_prefix_bloom_size_ratio: 0.000000
2018/11/14-20:27:26.479798 7f1ec9ef4700   Options.memtable_huge_page_size: 0
2018/11/14-20:27:26.479799 7f1ec9ef4700                           Options.bloom_locality: 0
2018/11/14-20:27:26.479800 7f1ec9ef4700                    Options.max_successive_merges: 0
2018/11/14-20:27:26.479801 7f1ec9ef4700                Options.optimize_filters_for_hits: 0
2018/11/14-20:27:26.479802 7f1ec9ef4700                Options.paranoid_file_checks: 0
2018/11/14-20:27:26.479802 7f1ec9ef4700                Options.force_consistency_checks: 0
2018/11/14-20:27:26.479803 7f1ec9ef4700                Options.report_bg_io_stats: 0
2018/11/14-20:27:26.479804 7f1ec9ef4700                               Options.ttl: 0
2018/11/14-20:27:26.480140 7f1ec9ef4700 [db/column_family.cc:475] --------------- Options for column family [usertable]:
2018/11/14-20:27:26.480144 7f1ec9ef4700               Options.comparator: leveldb.BytewiseComparator
2018/11/14-20:27:26.480145 7f1ec9ef4700           Options.merge_operator: None
2018/11/14-20:27:26.480145 7f1ec9ef4700        Options.compaction_filter: None
2018/11/14-20:27:26.480146 7f1ec9ef4700        Options.compaction_filter_factory: None
2018/11/14-20:27:26.480147 7f1ec9ef4700         Options.memtable_factory: SkipListFactory
2018/11/14-20:27:26.480148 7f1ec9ef4700            Options.table_factory: BlockBasedTable
2018/11/14-20:27:26.480168 7f1ec9ef4700            table_factory options:   flush_block_policy_factory: FlushBlockBySizePolicyFactory (0x7f1e143844d0)
  cache_index_and_filter_blocks: 0
  cache_index_and_filter_blocks_with_high_priority: 0
  pin_l0_filter_and_index_blocks_in_cache: 0
  index_type: 0
  hash_index_allow_collision: 1
  checksum: 1
  no_block_cache: 0
  block_cache: 0x7f1e14385030
  block_cache_name: LRUCache
  block_cache_options:
    capacity : 8388608
    num_shard_bits : 4
    strict_capacity_limit : 0
    high_pri_pool_ratio: 0.000
  block_cache_compressed: (nil)
  persistent_cache: (nil)
  block_size: 8192
  block_size_deviation: 10
  block_restart_interval: 16
  index_block_restart_interval: 1
  metadata_block_size: 4096
  partition_filters: 0
  use_delta_encoding: 1
  filter_policy: nullptr
  whole_key_filtering: 1
  verify_compression: 0
  read_amp_bytes_per_bit: 0
  format_version: 2
  enable_index_compression: 1
  block_align: 0
2018/11/14-20:27:26.480180 7f1ec9ef4700        Options.write_buffer_size: 134217728
2018/11/14-20:27:26.480182 7f1ec9ef4700  Options.max_write_buffer_number: 24
2018/11/14-20:27:26.480183 7f1ec9ef4700        Options.compression[0]: NoCompression
2018/11/14-20:27:26.480184 7f1ec9ef4700        Options.compression[1]: NoCompression
2018/11/14-20:27:26.480185 7f1ec9ef4700        Options.compression[2]: LZ4
2018/11/14-20:27:26.480186 7f1ec9ef4700        Options.compression[3]: LZ4
2018/11/14-20:27:26.480187 7f1ec9ef4700        Options.compression[4]: LZ4
2018/11/14-20:27:26.480188 7f1ec9ef4700        Options.compression[5]: LZ4
2018/11/14-20:27:26.480189 7f1ec9ef4700        Options.compression[6]: LZ4
2018/11/14-20:27:26.480189 7f1ec9ef4700                  Options.bottommost_compression: Disabled
2018/11/14-20:27:26.480190 7f1ec9ef4700       Options.prefix_extractor: nullptr
2018/11/14-20:27:26.480191 7f1ec9ef4700   Options.memtable_insert_with_hint_prefix_extractor: nullptr
2018/11/14-20:27:26.480192 7f1ec9ef4700             Options.num_levels: 7
2018/11/14-20:27:26.480193 7f1ec9ef4700        Options.min_write_buffer_number_to_merge: 2
2018/11/14-20:27:26.480194 7f1ec9ef4700     Options.max_write_buffer_number_to_maintain: 0
2018/11/14-20:27:26.480195 7f1ec9ef4700            Options.compression_opts.window_bits: -14
2018/11/14-20:27:26.480195 7f1ec9ef4700                  Options.compression_opts.level: -1
2018/11/14-20:27:26.480196 7f1ec9ef4700               Options.compression_opts.strategy: 0
2018/11/14-20:27:26.480197 7f1ec9ef4700         Options.compression_opts.max_dict_bytes: 0
2018/11/14-20:27:26.480198 7f1ec9ef4700         Options.compression_opts.zstd_max_train_bytes: 0
2018/11/14-20:27:26.480199 7f1ec9ef4700      Options.level0_file_num_compaction_trigger: 2
2018/11/14-20:27:26.480200 7f1ec9ef4700          Options.level0_slowdown_writes_trigger: 20
2018/11/14-20:27:26.480201 7f1ec9ef4700              Options.level0_stop_writes_trigger: 36
2018/11/14-20:27:26.480201 7f1ec9ef4700                   Options.target_file_size_base: 67108864
2018/11/14-20:27:26.480202 7f1ec9ef4700             Options.target_file_size_multiplier: 1
2018/11/14-20:27:26.480203 7f1ec9ef4700                Options.max_bytes_for_level_base: 536870912
2018/11/14-20:27:26.480204 7f1ec9ef4700 Options.level_compaction_dynamic_level_bytes: 0
2018/11/14-20:27:26.480205 7f1ec9ef4700          Options.max_bytes_for_level_multiplier: 10.000000
2018/11/14-20:27:26.480207 7f1ec9ef4700 Options.max_bytes_for_level_multiplier_addtl[0]: 1
2018/11/14-20:27:26.480208 7f1ec9ef4700 Options.max_bytes_for_level_multiplier_addtl[1]: 1
2018/11/14-20:27:26.480209 7f1ec9ef4700 Options.max_bytes_for_level_multiplier_addtl[2]: 1
2018/11/14-20:27:26.480210 7f1ec9ef4700 Options.max_bytes_for_level_multiplier_addtl[3]: 1
2018/11/14-20:27:26.480210 7f1ec9ef4700 Options.max_bytes_for_level_multiplier_addtl[4]: 1
2018/11/14-20:27:26.480211 7f1ec9ef4700 Options.max_bytes_for_level_multiplier_addtl[5]: 1
2018/11/14-20:27:26.480212 7f1ec9ef4700 Options.max_bytes_for_level_multiplier_addtl[6]: 1
2018/11/14-20:27:26.480213 7f1ec9ef4700       Options.max_sequential_skip_in_iterations: 8
2018/11/14-20:27:26.480214 7f1ec9ef4700                    Options.max_compaction_bytes: 1677721600
2018/11/14-20:27:26.480215 7f1ec9ef4700                        Options.arena_block_size: 16777216
2018/11/14-20:27:26.480216 7f1ec9ef4700   Options.soft_pending_compaction_bytes_limit: 68719476736
2018/11/14-20:27:26.480216 7f1ec9ef4700   Options.hard_pending_compaction_bytes_limit: 274877906944
2018/11/14-20:27:26.480217 7f1ec9ef4700       Options.rate_limit_delay_max_milliseconds: 100
2018/11/14-20:27:26.480224 7f1ec9ef4700                Options.disable_auto_compactions: 0
2018/11/14-20:27:26.480226 7f1ec9ef4700                        Options.compaction_style: kCompactionStyleLevel
2018/11/14-20:27:26.480227 7f1ec9ef4700                          Options.compaction_pri: kByCompensatedSize
2018/11/14-20:27:26.480228 7f1ec9ef4700 Options.compaction_options_universal.size_ratio: 1
2018/11/14-20:27:26.480229 7f1ec9ef4700 Options.compaction_options_universal.min_merge_width: 2
2018/11/14-20:27:26.480229 7f1ec9ef4700 Options.compaction_options_universal.max_merge_width: 4294967295
2018/11/14-20:27:26.480230 7f1ec9ef4700 Options.compaction_options_universal.max_size_amplification_percent: 200
2018/11/14-20:27:26.480231 7f1ec9ef4700 Options.compaction_options_universal.compression_size_percent: -1
2018/11/14-20:27:26.480232 7f1ec9ef4700 Options.compaction_options_universal.stop_style: kCompactionStopStyleTotalSize
2018/11/14-20:27:26.480233 7f1ec9ef4700 Options.compaction_options_fifo.max_table_files_size: 1073741824
2018/11/14-20:27:26.480234 7f1ec9ef4700 Options.compaction_options_fifo.allow_compaction: 0
2018/11/14-20:27:26.480235 7f1ec9ef4700 Options.compaction_options_fifo.ttl: 0
2018/11/14-20:27:26.480236 7f1ec9ef4700                   Options.table_properties_collectors: 
2018/11/14-20:27:26.480237 7f1ec9ef4700                   Options.inplace_update_support: 0
2018/11/14-20:27:26.480237 7f1ec9ef4700                 Options.inplace_update_num_locks: 10000
2018/11/14-20:27:26.480238 7f1ec9ef4700               Options.memtable_prefix_bloom_size_ratio: 0.000000
2018/11/14-20:27:26.480240 7f1ec9ef4700   Options.memtable_huge_page_size: 0
2018/11/14-20:27:26.480241 7f1ec9ef4700                           Options.bloom_locality: 0
2018/11/14-20:27:26.480241 7f1ec9ef4700                    Options.max_successive_merges: 0
2018/11/14-20:27:26.480242 7f1ec9ef4700                Options.optimize_filters_for_hits: 0
2018/11/14-20:27:26.480243 7f1ec9ef4700                Options.paranoid_file_checks: 0
2018/11/14-20:27:26.480244 7f1ec9ef4700                Options.force_consistency_checks: 0
2018/11/14-20:27:26.480245 7f1ec9ef4700                Options.report_bg_io_stats: 0
2018/11/14-20:27:26.480246 7f1ec9ef4700                               Options.ttl: 0
2018/11/14-20:27:26.662165 7f1ec9ef4700 [db/version_set.cc:3361] Recovered from manifest file:/mnt/sdb/ycsb-rocksdb-data/MANIFEST-000004 succeeded,manifest_file_number is 4, next_file_number is 233, last_sequence is 3732199, log_number is 0,prev_log_number is 0,max_column_family is 1,min_log_number_to_keep is 0
2018/11/14-20:27:26.662180 7f1ec9ef4700 [db/version_set.cc:3369] Column family [default] (ID 0), log number is 0
2018/11/14-20:27:26.662181 7f1ec9ef4700 [db/version_set.cc:3369] Column family [usertable] (ID 1), log number is 227
2018/11/14-20:27:26.662470 7f1ec9ef4700 EVENT_LOG_v1 {"time_micros": 1542256046662456, "job": 1, "event": "recovery_started", "log_files": [227, 229, 233, 235, 236, 238, 239, 241]}
2018/11/14-20:27:26.662476 7f1ec9ef4700 [db/db_impl_open.cc:551] Recovering log #227 mode 2
2018/11/14-20:27:27.013115 7f1ec9ef4700 [db/db_impl_open.cc:551] Recovering log #229 mode 2
2018/11/14-20:27:27.509667 7f1ec9ef4700 EVENT_LOG_v1 {"time_micros": 1542256047509641, "cf_name": "usertable", "job": 1, "event": "table_file_creation", "file_number": 233, "file_size": 129902323, "table_properties": {"data_size": 129321394, "index_size": 580007, "filter_size": 0, "raw_key_size": 752760, "raw_average_key_size": 24, "raw_value_size": 128471040, "raw_average_value_size": 4096, "num_data_blocks": 15683, "num_entries": 31365, "filter_policy_name": "", "kDeletedKeys": "0", "kMergeOperands": "0"}}
2018/11/14-20:27:27.853826 7f1ec9ef4700 [db/db_impl_open.cc:551] Recovering log #233 mode 2
2018/11/14-20:27:29.675467 7f1ec9ef4700 EVENT_LOG_v1 {"time_micros": 1542256049675442, "cf_name": "usertable", "job": 1, "event": "table_file_creation", "file_number": 234, "file_size": 129895353, "table_properties": {"data_size": 129317909, "index_size": 576522, "filter_size": 0, "raw_key_size": 752760, "raw_average_key_size": 24, "raw_value_size": 128471040, "raw_average_value_size": 4096, "num_data_blocks": 15683, "num_entries": 31365, "filter_policy_name": "", "kDeletedKeys": "0", "kMergeOperands": "0"}}
2018/11/14-20:27:30.511457 7f1ec9ef4700 [db/db_impl_open.cc:551] Recovering log #235 mode 2
2018/11/14-20:27:32.578111 7f1ec9ef4700 EVENT_LOG_v1 {"time_micros": 1542256052578084, "cf_name": "usertable", "job": 1, "event": "table_file_creation", "file_number": 236, "file_size": 129906433, "table_properties": {"data_size": 129325504, "index_size": 580007, "filter_size": 0, "raw_key_size": 752784, "raw_average_key_size": 24, "raw_value_size": 128475136, "raw_average_value_size": 4096, "num_data_blocks": 15683, "num_entries": 31366, "filter_policy_name": "", "kDeletedKeys": "0", "kMergeOperands": "0"}}
2018/11/14-20:27:32.888919 7f1ec9ef4700 [db/db_impl_open.cc:551] Recovering log #236 mode 2
2018/11/14-20:27:34.735119 7f1ec9ef4700 EVENT_LOG_v1 {"time_micros": 1542256054735093, "cf_name": "usertable", "job": 1, "event": "table_file_creation", "file_number": 237, "file_size": 129902322, "table_properties": {"data_size": 129321393, "index_size": 580007, "filter_size": 0, "raw_key_size": 752760, "raw_average_key_size": 24, "raw_value_size": 128471040, "raw_average_value_size": 4096, "num_data_blocks": 15683, "num_entries": 31365, "filter_policy_name": "", "kDeletedKeys": "0", "kMergeOperands": "0"}}
2018/11/14-20:27:35.546935 7f1ec9ef4700 [db/db_impl_open.cc:551] Recovering log #238 mode 2
2018/11/14-20:27:36.468523 7f1ec9ef4700 EVENT_LOG_v1 {"time_micros": 1542256056468497, "cf_name": "usertable", "job": 1, "event": "table_file_creation", "file_number": 239, "file_size": 129899462, "table_properties": {"data_size": 129322018, "index_size": 576522, "filter_size": 0, "raw_key_size": 752784, "raw_average_key_size": 24, "raw_value_size": 128475136, "raw_average_value_size": 4096, "num_data_blocks": 15683, "num_entries": 31366, "filter_policy_name": "", "kDeletedKeys": "0", "kMergeOperands": "0"}}
2018/11/14-20:27:36.757584 7f1ec9ef4700 [db/db_impl_open.cc:551] Recovering log #239 mode 2
2018/11/14-20:27:37.991393 7f1ec9ef4700 EVENT_LOG_v1 {"time_micros": 1542256057991370, "cf_name": "usertable", "job": 1, "event": "table_file_creation", "file_number": 240, "file_size": 129895353, "table_properties": {"data_size": 129317909, "index_size": 576522, "filter_size": 0, "raw_key_size": 752760, "raw_average_key_size": 24, "raw_value_size": 128471040, "raw_average_value_size": 4096, "num_data_blocks": 15683, "num_entries": 31365, "filter_policy_name": "", "kDeletedKeys": "0", "kMergeOperands": "0"}}
2018/11/14-20:27:38.682941 7f1ec9ef4700 [db/db_impl_open.cc:551] Recovering log #241 mode 2
2018/11/14-20:27:39.239602 7f1ec9ef4700 EVENT_LOG_v1 {"time_micros": 1542256059239575, "cf_name": "usertable", "job": 1, "event": "table_file_creation", "file_number": 242, "file_size": 129902322, "table_properties": {"data_size": 129321393, "index_size": 580007, "filter_size": 0, "raw_key_size": 752760, "raw_average_key_size": 24, "raw_value_size": 128471040, "raw_average_value_size": 4096, "num_data_blocks": 15683, "num_entries": 31365, "filter_policy_name": "", "kDeletedKeys": "0", "kMergeOperands": "0"}}
2018/11/14-20:27:39.249951 7f1ec9ef4700 [db/version_set.cc:2847] Creating manifest 243
2018/11/14-20:27:39.463513 7f1ec9ef4700 EVENT_LOG_v1 {"time_micros": 1542256059463484, "cf_name": "usertable", "job": 1, "event": "table_file_creation", "file_number": 244, "file_size": 3698949, "table_properties": {"data_size": 3681853, "index_size": 16176, "filter_size": 0, "raw_key_size": 21432, "raw_average_key_size": 24, "raw_value_size": 3657728, "raw_average_value_size": 4096, "num_data_blocks": 447, "num_entries": 893, "filter_policy_name": "", "kDeletedKeys": "0", "kMergeOperands": "0"}}
2018/11/14-20:27:39.596366 7f1ec9ef4700 EVENT_LOG_v1 {"time_micros": 1542256059596362, "job": 1, "event": "recovery_finished"}
2018/11/14-20:27:39.596531 7f1ec9ef4700 [WARN] [db/column_family.cc:799] [usertable] Stalling writes because we have 21 level-0 files rate 16777216
2018/11/14-20:27:39.896389 7f1ec9ef4700 [db/db_impl_open.cc:1219] DB pointer 0x7f1e143dab40
2018/11/14-20:27:39.896768 7f1ec0ffe700 [WARN] [db/db_impl.cc:491] ------- DUMPING STATS -------
2018/11/14-20:27:39.896814 7f1ec0ffe700 [WARN] [db/db_impl.cc:492] 
** DB Stats **
Uptime(secs): 13.4 total, 13.4 interval
Cumulative writes: 0 writes, 0 keys, 0 commit groups, 0.0 writes per commit group, ingest: 0.00 GB, 0.00 MB/s
Cumulative WAL: 0 writes, 0 syncs, 0.00 writes per sync, written: 0.00 GB, 0.00 MB/s
Cumulative stall: 00:00:0.000 H:M:S, 0.0 percent
Interval writes: 0 writes, 0 keys, 0 commit groups, 0.0 writes per commit group, ingest: 0.00 MB, 0.00 MB/s
Interval WAL: 0 writes, 0 syncs, 0.00 writes per sync, written: 0.00 MB, 0.00 MB/s
Interval stall: 00:00:0.000 H:M:S, 0.0 percent

** Compaction Stats [default] **
Level    Files   Size     Score Read(GB)  Rn(GB) Rnp1(GB) Write(GB) Wnew(GB) Moved(GB) W-Amp Rd(MB/s) Wr(MB/s) Comp(sec) Comp(cnt) Avg(sec) KeyIn KeyDrop
----------------------------------------------------------------------------------------------------------------------------------------------------------
 Sum      0/0    0.00 KB   0.0      0.0     0.0      0.0       0.0      0.0       0.0   0.0      0.0      0.0         0         0    0.000       0      0
 Int      0/0    0.00 KB   0.0      0.0     0.0      0.0       0.0      0.0       0.0   0.0      0.0      0.0         0         0    0.000       0      0
Uptime(secs): 13.4 total, 13.4 interval
Flush(GB): cumulative 0.000, interval 0.000
AddFile(GB): cumulative 0.000, interval 0.000
AddFile(Total Files): cumulative 0, interval 0
AddFile(L0 Files): cumulative 0, interval 0
AddFile(Keys): cumulative 0, interval 0
Cumulative compaction: 0.00 GB write, 0.00 MB/s write, 0.00 GB read, 0.00 MB/s read, 0.0 seconds
Interval compaction: 0.00 GB write, 0.00 MB/s write, 0.00 GB read, 0.00 MB/s read, 0.0 seconds
Stalls(count): 0 level0_slowdown, 0 level0_slowdown_with_compaction, 0 level0_numfiles, 0 level0_numfiles_with_compaction, 0 stop for pending_compaction_bytes, 0 slowdown for pending_compaction_bytes, 0 memtable_compaction, 0 memtable_slowdown, interval 0 total count

** File Read Latency Histogram By Level [default] **

** Compaction Stats [usertable] **
Level    Files   Size     Score Read(GB)  Rn(GB) Rnp1(GB) Write(GB) Wnew(GB) Moved(GB) W-Amp Rd(MB/s) Wr(MB/s) Comp(sec) Comp(cnt) Avg(sec) KeyIn KeyDrop
----------------------------------------------------------------------------------------------------------------------------------------------------------
  L0     21/0   11.59 GB  23.2      0.0     0.0      0.0       0.9      0.9       0.0   1.0      0.0    100.3         9         8    1.085       0      0
  L1      3/0    1.85 GB   3.7      0.0     0.0      0.0       0.0      0.0       0.0   0.0      0.0      0.0         0         0    0.000       0      0
  L2     28/0    1.66 GB   0.3      0.0     0.0      0.0       0.0      0.0       0.0   0.0      0.0      0.0         0         0    0.000       0      0
 Sum     52/0   15.10 GB   0.0      0.0     0.0      0.0       0.9      0.9       0.0   1.0      0.0    100.3         9         8    1.085       0      0
 Int      0/0    0.00 KB   0.0      0.0     0.0      0.0       0.9      0.9       0.0   1.0      0.0    100.3         9         8    1.085       0      0
Uptime(secs): 13.4 total, 13.4 interval
Flush(GB): cumulative 0.850, interval 0.850
AddFile(GB): cumulative 0.000, interval 0.000
AddFile(Total Files): cumulative 0, interval 0
AddFile(L0 Files): cumulative 0, interval 0
AddFile(Keys): cumulative 0, interval 0
Cumulative compaction: 0.85 GB write, 64.90 MB/s write, 0.00 GB read, 0.00 MB/s read, 8.7 seconds
Interval compaction: 0.85 GB write, 64.90 MB/s write, 0.00 GB read, 0.00 MB/s read, 8.7 seconds
Stalls(count): 1 level0_slowdown, 0 level0_slowdown_with_compaction, 0 level0_numfiles, 0 level0_numfiles_with_compaction, 0 stop for pending_compaction_bytes, 0 slowdown for pending_compaction_bytes, 0 memtable_compaction, 0 memtable_slowdown, interval 1 total count

** File Read Latency Histogram By Level [usertable] **

** Compaction Stats [default] **
Level    Files   Size     Score Read(GB)  Rn(GB) Rnp1(GB) Write(GB) Wnew(GB) Moved(GB) W-Amp Rd(MB/s) Wr(MB/s) Comp(sec) Comp(cnt) Avg(sec) KeyIn KeyDrop
----------------------------------------------------------------------------------------------------------------------------------------------------------
 Sum      0/0    0.00 KB   0.0      0.0     0.0      0.0       0.0      0.0       0.0   0.0      0.0      0.0         0         0    0.000       0      0
 Int      0/0    0.00 KB   0.0      0.0     0.0      0.0       0.0      0.0       0.0   0.0      0.0      0.0         0         0    0.000       0      0
Uptime(secs): 13.4 total, 0.0 interval
Flush(GB): cumulative 0.000, interval 0.000
AddFile(GB): cumulative 0.000, interval 0.000
AddFile(Total Files): cumulative 0, interval 0
AddFile(L0 Files): cumulative 0, interval 0
AddFile(Keys): cumulative 0, interval 0
Cumulative compaction: 0.00 GB write, 0.00 MB/s write, 0.00 GB read, 0.00 MB/s read, 0.0 seconds
Interval compaction: 0.00 GB write, 0.00 MB/s write, 0.00 GB read, 0.00 MB/s read, 0.0 seconds
Stalls(count): 0 level0_slowdown, 0 level0_slowdown_with_compaction, 0 level0_numfiles, 0 level0_numfiles_with_compaction, 0 stop for pending_compaction_bytes, 0 slowdown for pending_compaction_bytes, 0 memtable_compaction, 0 memtable_slowdown, interval 0 total count

** File Read Latency Histogram By Level [default] **

** Compaction Stats [usertable] **
Level    Files   Size     Score Read(GB)  Rn(GB) Rnp1(GB) Write(GB) Wnew(GB) Moved(GB) W-Amp Rd(MB/s) Wr(MB/s) Comp(sec) Comp(cnt) Avg(sec) KeyIn KeyDrop
----------------------------------------------------------------------------------------------------------------------------------------------------------
  L0     21/0   11.59 GB  23.2      0.0     0.0      0.0       0.9      0.9       0.0   1.0      0.0    100.3         9         8    1.085       0      0
  L1      3/0    1.85 GB   3.7      0.0     0.0      0.0       0.0      0.0       0.0   0.0      0.0      0.0         0         0    0.000       0      0
  L2     28/0    1.66 GB   0.3      0.0     0.0      0.0       0.0      0.0       0.0   0.0      0.0      0.0         0         0    0.000       0      0
 Sum     52/0   15.10 GB   0.0      0.0     0.0      0.0       0.9      0.9       0.0   1.0      0.0    100.3         9         8    1.085       0      0
 Int      0/0    0.00 KB   0.0      0.0     0.0      0.0       0.0      0.0       0.0   0.0      0.0      0.0         0         0    0.000       0      0
Uptime(secs): 13.4 total, 0.0 interval
Flush(GB): cumulative 0.850, interval 0.000
AddFile(GB): cumulative 0.000, interval 0.000
AddFile(Total Files): cumulative 0, interval 0
AddFile(L0 Files): cumulative 0, interval 0
AddFile(Keys): cumulative 0, interval 0
Cumulative compaction: 0.85 GB write, 64.90 MB/s write, 0.00 GB read, 0.00 MB/s read, 8.7 seconds
Interval compaction: 0.00 GB write, 0.00 MB/s write, 0.00 GB read, 0.00 MB/s read, 0.0 seconds
Stalls(count): 1 level0_slowdown, 0 level0_slowdown_with_compaction, 0 level0_numfiles, 0 level0_numfiles_with_compaction, 0 stop for pending_compaction_bytes, 0 slowdown for pending_compaction_bytes, 0 memtable_compaction, 0 memtable_slowdown, interval 0 total count

** File Read Latency Histogram By Level [usertable] **
2018/11/14-20:27:39.897001 7f1ec0ffe700 [db/compaction_job.cc:1531] [usertable] [JOB 3] Compacting 1@0 files to L1, score 23.18
2018/11/14-20:27:39.897013 7f1ec0ffe700 [db/compaction_job.cc:1535] [usertable] Compaction start summary: Base version 5 Base level 0, inputs: [230(1435MB)]
2018/11/14-20:27:39.897050 7f1ec0ffe700 EVENT_LOG_v1 {"time_micros": 1542256059897022, "job": 3, "event": "compaction_started", "compaction_reason": "LevelL0FilesNum", "files_L0": [230], "score": 23.1822, "input_data_size": 1505747708}
2018/11/14-20:27:39.897050 7f1ebbfff700 [db/compaction_job.cc:1531] [usertable] [JOB 4] Compacting 8@0 files to L0, score 20.38
2018/11/14-20:27:39.897070 7f1ebbfff700 [db/compaction_job.cc:1535] [usertable] Compaction start summary: Base version 5 Base level 0, inputs: [244(3612KB) 242(123MB) 240(123MB) 239(123MB) 237(123MB) 236(123MB) 234(123MB) 233(123MB)]
2018/11/14-20:27:39.897084 7f1ebb7fe700 (Original Log Time 2018/11/14-20:27:39.897069) [db/db_impl_compaction_flush.cc:1781] Compaction nothing to do
2018/11/14-20:27:39.897114 7f1ebbfff700 EVENT_LOG_v1 {"time_micros": 1542256059897100, "job": 4, "event": "compaction_started", "compaction_reason": "LevelL0FilesNum", "files_L0": [244, 242, 240, 239, 237, 236, 234, 233], "score": 20.3775, "input_data_size": 913002517}
2018/11/14-20:27:51.935117 7f1ebbfff700 [db/compaction_job.cc:1211] [usertable] [JOB 4] Generated table #248: 220450 keys, 913096505 bytes
2018/11/14-20:27:51.935169 7f1ebbfff700 EVENT_LOG_v1 {"time_micros": 1542256071935153, "cf_name": "usertable", "job": 4, "event": "table_file_creation", "file_number": 248, "file_size": 913096505, "table_properties": {"data_size": 908939844, "index_size": 4155733, "filter_size": 0, "raw_key_size": 5290800, "raw_average_key_size": 24, "raw_value_size": 902963200, "raw_average_value_size": 4096, "num_data_blocks": 110225, "num_entries": 220450, "filter_policy_name": "", "kDeletedKeys": "0", "kMergeOperands": "0"}}
2018/11/14-20:27:51.935214 7f1ebbfff700 [db/compaction_job.cc:1287] [usertable] [JOB 4] Compacted 8@0 files to L0 => 913096505 bytes
2018/11/14-20:27:51.979415 7f1ebbfff700 [db/column_family.cc:837] [usertable] Increasing compaction threads because we have 14 level-0 files 
2018/11/14-20:27:51.979509 7f1ebbfff700 (Original Log Time 2018/11/14-20:27:51.979357) [db/compaction_job.cc:685] [usertable] compacted to: base level 1 max bytes base 536870912 files[14 3 28 0 0 0 0] max score 20.38, MB/sec: 75.8 rd, 75.9 wr, level 0, files in(0, 8) out(1) MB in(0.0, 870.7) out(870.8), read-write-amplify(0.0) write-amplify(0.0) OK, records in: 220450, records dropped: 0 output_compression: NoCompression
2018/11/14-20:27:51.979515 7f1ebbfff700 (Original Log Time 2018/11/14-20:27:51.979399) EVENT_LOG_v1 {"time_micros": 1542256071979381, "job": 4, "event": "compaction_finished", "compaction_time_micros": 12038068, "output_level": 0, "num_output_files": 1, "total_output_size": 913096505, "num_input_records": 220450, "num_output_records": 220450, "num_subcompactions": 1, "output_compression": "NoCompression", "num_single_delete_mismatches": 0, "num_single_delete_fallthrough": 0, "lsm_state": [14, 3, 28, 0, 0, 0, 0]}
2018/11/14-20:27:51.979545 7f1ebaffd700 (Original Log Time 2018/11/14-20:27:51.979522) [db/db_impl_compaction_flush.cc:1781] Compaction nothing to do
2018/11/14-20:27:52.564750 7f1ec0ffe700 [db/compaction_job.cc:1211] [usertable] [JOB 3] Generated table #249: 16279 keys, 67418359 bytes
